 49 14:13:29.0 +51:47:25  96.46  60.91  V 4.54   A8IV               +0.063 -0.002   100 -017 124675  17Kap2( 1)
 49 14:16: 9.9 +51:22: 2  95.23  60.96  V 4.75   A9V                -0.150 +0.092    20 -019 125161  21Iot ( 2)
 49 14:25:11.8 +51:51: 3  93.84  59.65 W  4.05   F7V                -0.236 -0.397    13 -011 126660  23The ( 3)
 50 14:38:15.2 +54: 1:24  94.17  56.73    5.85   A1V                +0.018 -0.016       -003 128998        
 50 15: 6:16.7 +54:33:23  90.43  53.21    5.25   G7.5IIIFe-1        +0.048 +0.015    34 +016 134190        
 50 15:20: 5.2 +51:57:31  84.96  52.77 S  5.66   A4V                +0.014 +0.012       +008 136729        
 51 15:38:34.3 +50:25:24  80.80  50.74    5.84   G8III              +0.005 -0.038       -014 139906        
 51 15:42:50.7 +52:21:39  83.25  49.42  V 5.51   B9pSiCr            -0.067 +0.032   100 -016 140728        
 77 14: 7:55.8 +43:51:16  85.26  67.26  V 5.27   M4.5:III           +0.011 -0.028    41 -036 123657        
 77 14: 8:17.3 +49:27:29  94.58  63.23 WV 5.25   M1.5III            -0.061 +0.059    50 -013 123782  13    
 77 14:16:23.0 +46: 5:18  86.97  64.67    4.18   A0p                -0.187 +0.161    22 -008 125162  19Lam 
 77 14:28:37.8 +49:50:41  90.16  60.64    5.59   G3IV               -0.305 -0.046    45 -006 127243  24    
 77 14:34:39.6 +49:22: 6  88.15  60.21  V 5.74   M1IIIab            -0.045 +0.054       -020 128333        
 77 14:38:12.5 +43:38:31  77.43  62.89    5.70   K2III              -0.113 +0.030       -049 128902        
 77 14:38:50.2 +44:24:16  78.76  62.42    5.39   A1V                -0.067 -0.017    83 -013 129002  33    
 77 14:43:44.4 +40:27:33  70.09  63.30    5.73   K4III              -0.014 +0.023       +013 129846        
 78 14:49:18.7 +46: 6:58  79.98  59.97    5.74   F7IV w             -0.002 -0.076       -005 130945  38    ( 4)
 78 14:49:41.3 +48:43:14  84.29  58.58    5.69   F6V+F5V            -0.076 +0.096   111 -032 131041  39    
 78 14:56:23.0 +49:37:43  84.65  57.17    5.63   F7V                +0.115 -0.223    37 -015 132254        
 78 14:59:36.9 +39:15:55  65.66  60.77    5.64   F0-2IV-III         -0.032 +0.042       +012 132772  40    
 78 15: 1:56.8 +40:23:26  67.62  60.04    3.50   G8IIIaBa0.3Fe-0.5  -0.041 -0.028    27 -020 133208  42Bet ( 5)
 78 15: 3:47.4 +47:39:16  80.36  57.06  V 4.76   F9-G1Vn            -0.407 +0.033    11 -025 133640  44    
 78 15: 5:25.8 +48: 9: 4  80.95  56.60    5.57   A1V                -0.066 +0.031    38 -013 133962  47    
 78 15:22:37.4 +39:34:53  64.43  56.36    5.50  gK4                 +0.002 -0.015       -012 137071        
 78 15:30:55.8 +40:49:59  66.11  54.58    5.02   K4.5IIIbBa0.4      +0.011 -0.007    50 -010 138481  52Nu 1
 78 15:31:47.0 +40:53:58  66.17  54.41    5.02   A5V                -0.017 -0.009    50 -017 138629  53Nu 2
 79 15:37:49.6 +40:21:12  64.95  53.37    5.24   G7III-IVFe-2       +0.063 +0.062    47 -010 139641  54Phi 
 79 15:38:16.2 +46:47:52  75.32  51.93    5.75   F2V                +0.090 -0.126   111 -002 139798        
110 14:17:59.8 +35:30:34  62.73  69.76    4.81   K0III              +0.004 +0.016       -026 125351        
111 14:31:49.8 +30:22:17  47.29  67.80    3.58   K3-III             -0.100 +0.119    34 -014 127665  25Rho 
111 14:32: 4.7 +38:18:30  67.26  66.17  V 3.03   A7III              -0.114 +0.153    39 -037 127762  27Gam ( 6)
111 14:34:40.8 +29:44:42  45.62  67.20 W  4.46   F2V                +0.189 +0.132    14 +000 128167  28Sig 
111 14:49:58.4 +28:36:57  43.16  63.83 W  5.80   A4V                +0.017 +0.003       +001 130917        
111 14:50:29.6 +37:16:19  62.48  62.99    5.48   K0III-IV           -0.211 +0.094    38 -067 131111        
112 15: 3: 6.1 +35:12:21  57.21  60.85    5.51  gG8                 -0.038 +0.012       -027 133392        
112 15:14: 6.1 +31:47:17  50.19  58.74 W  5.99   K5                 +0.043 -0.018       +004 135438        
112 15:14:29.2 +29: 9:51  45.16  58.52    5.26   A2V                -0.066 +0.030    38 -016 135502  48Chi 
112 15:15:30.2 +33:18:53  53.12  58.43    3.47   G8IIIFe-1          +0.086 -0.112    33 -012 135722  49Del 
112 15:21:48.6 +32:56: 2  52.36  57.12    5.37   B9Vn               -0.051 +0.017   200 -007 136849  50    
112 15:24:29.4 +37:22:38  60.39  56.31    4.31   F2IVa              -0.146 +0.087    25 -013 137391  51Mu 1( 7)
112 15:26:17.4 +34:20: 9  54.89  56.16    5.46   K4III              -0.114 +0.056       -048 137704        
151 13:36:59.1 +24:36:48  21.68  79.45    5.74   M2III              -0.024 -0.005       -031 118508        
151 13:40:40.5 +19:57:20   3.08  76.64    5.75   A1V                -0.049 +0.023 D  55 -026 119055   1    
151 13:41: 2.3 +22:29:45  13.26  77.84    5.62   G9III              -0.020 -0.025       +005 119126   2    
151 13:46:43.3 +25:42: 8  29.48  77.55    5.95   G5III+A7V:         -0.020 -0.061       +008 120064   3    
151 13:47:15.7 +17:27:24 358.95  73.88    4.50   F6IV               -0.482 +0.041    16 -016 120136   4Tau 
151 13:49:42.8 +21:15:51  12.25  75.49    4.91   K4III              +0.024 +0.017       -003 120539   6    
151 13:53:12.9 +17:55:58   3.30  73.05    5.70   G5III              -0.039 +0.004       -010 121107   7    
151 13:54:41.1 +18:23:52   5.30  73.03 W  2.68   G0IV               -0.063 -0.358     9 -000 121370   8Eta ( 8)
151 13:56:34.2 +27:29:31  38.12  75.54    5.01   K3III              +0.028 -0.048   124 -040 121710   9    
151 13:58:38.9 +21:41:46  17.02  73.78    5.76   A0V s              -0.009 -0.045    76 +006 121996  10    
152 14:10:23.9 +25: 5:30  30.82  72.18    4.83   F9IV w             -0.022 -0.061    23 +011 123999  12    
152 14:15:39.7 +19:10:57  15.14  69.11   -0.04   K1.5IIIFe-0.5      -1.093 -1.998    11 -005 124897  16Alp ( 9)
152 14:16: 4.2 +18:54:43  14.49  68.90  V 5.98   A8III              +0.043 -0.028       +004 124953        
152 14:26:27.4 +19:13:37  18.06  66.82    5.39   F0m                -0.071 +0.025   142 -028 126661  22    
152 14:32:32.5 +22:15:36  26.51  66.57    5.92   F2IV               -0.127 +0.039       -012 127739  26    
153 14:38:14.0 +18:17:54  18.81  63.90    5.91  gK2                 -0.029 -0.068    26 -014 128750        
153 14:43:25.4 +26:31:40  38.00  65.06  V 4.81   M3-III             -0.013 -0.017   499 +006 129712  34    
153 14:44:59.2 +27: 4:30  39.38  64.78    5.12   A2V                -0.050 +0.021    62 -023 129988  36Eps 
153 14:44:59.2 +27: 4:27  39.38  64.78    2.70   K0-II-III          -0.049 +0.021    62 -017 129989  36Eps (10)
153 14:50:15.8 +23:54:43  32.76  63.06    5.85   G0-2V              +0.143 +0.034    14 -002 130948        
153 14:51:23.3 +19: 6: 4  23.09  61.36  V 4.55   G8Ve+K4Ve          +0.137 -0.098     6 +003 131156  37Xi  
153 15: 2: 6.5 +25: 0:29  36.25  60.66    4.81   K4-IIIabCa0.5      -0.007 -0.051    39 +014 133124  41Ome 
153 15: 4:26.7 +26:56:51  40.32  60.47    4.54   K2III              -0.174 -0.006    55 -026 133582  43Psi 
153 15: 7:18.1 +24:52: 9  36.45  59.48 W  4.93   F5V                +0.185 -0.165    15 -007 134083  45    
153 15: 8:23.8 +26:18: 4  39.31  59.50    5.67  gK2                 +0.005 -0.014       +021 134320  46    
153 15: 8:35.5 +25: 6:31  37.03  59.24 W  5.81   K1III              -0.008 -0.001       -016 134335        
196 13:39:34.6 +10:44:46 339.90  70.08    5.57   F0V                -0.112 -0.013    90 -018 118889        
196 13:49:28.6 +15:47:52 355.81  72.40    4.07   K5.5III            -0.095 +0.042    90 -006 120477   5Ups 
196 14: 1:20.4 + 8:53:41 348.38  65.40    5.99   A2V                +0.036 -0.007       -017 122365        
197 14:14: 5.2 +12:57:34   0.78  66.03 S  5.54   F6IV               -0.256 -0.052    45 -039 124570  14    
197 14:14:50.8 +10: 6: 2 356.00  64.00 W  5.29   K1III              -0.028 -0.167       +017 124679  15    
197 14:17:28.4 +15:15:48   6.61  66.76    5.80   M3IIIa             +0.012 +0.011       -010 125180        
197 14:19:16.3 +13: 0:15   2.76  65.08 W  5.41   F5IV               +0.106 -0.030       -003 125451  18    
197 14:19:45.2 +16:18:25   9.59  66.86    4.86   K3III              -0.142 +0.060       -008 125560  20    
197 14:23:22.7 + 8:26:48 356.56  61.33    5.12   A0V                -0.075 -0.008    62 -023 126129        
197 14:24: 0.9 + 8:14:37 356.48  61.08    5.95   A3V                +0.003 -0.025       -007 126200        
198 14:40:42.4 +13:32: 3  10.34  61.10    5.91   F0V                +0.055 -0.025       -008 129153        
198 14:40:43.6 +16:25: 6  15.64  62.54    4.94   B9pMnHgSi          +0.015 +0.015   499 -001 129174  29Pi 1
198 14:40:43.9 +16:25: 4  15.64  62.54    5.88   A6V                +0.001 +0.010   499 -007 129175  29Pi 2
198 14:41: 8.9 +13:43:42  10.80  61.12    4.83   A2III              +0.053 -0.016   111 -006 129246  30Zet 
198 14:41: 8.9 +13:43:42  10.80  61.12    4.43   A2III              +0.053 -0.016   111 -006 129247  30Zet 
198 14:41:38.8 + 8: 9:42   2.05  57.76    4.86   G7+IIIHdel -0.5    -0.009 +0.003    90 -022 129312  31    
198 14:41:43.5 +11:39:38   7.46  59.86    5.56   G8III              -0.157 -0.114    43 -023 129336  32    
198 14:45:14.5 +16:57:52  17.74  61.82    4.60   G8.5III            -0.058 -0.049    22 -009 129972  35Omi 
198 14:46: 6.0 +15: 7:55  14.55  60.79    5.63   M5IIIab            -0.084 +0.020       -022 130144        
198 14:56:13.2 +14:26:47  15.69  58.32    5.77   A0V                -0.013  0.000       -022 131951        
198 14:57:11.7 +16:23:18  19.22  59.00    5.71  gG5                 +0.005 +0.001       -016 132146        
