  5  4:33:30.7 +72:31:43 137.89  16.48    5.94   A8m                +0.027 -0.089       +010  28204        
  5  5: 4:39.8 +74: 4: 1 137.98  19.19 W  5.96   A1V                +0.013 -0.016 D 100 -009  31590        
  6  5:12:22.4 +73:56:48 138.39  19.58  V 5.43   B9pSi               0.000 -0.025    41 +009  32650        
  6  5:18:13.3 +73:16: 5 139.23  19.59    5.74   A0V                -0.005 -0.033       +000  33541        
  6  5:22:33.5 +79:13:52 133.74  22.65    5.05   F6V                -0.082 +0.161    18 -010  33564        
  6  6:40:28.8 +77:59:45 136.29  25.92    5.73  gK5                 +0.009 -0.012    55 -014  45866        
  6  6:46:14.1 +79:33:53 134.59  26.41    5.45   F8V                -0.102 -0.604    20 +013  46588        
  6  7: 0: 4.0 +76:58:39 137.55  26.86    4.55   K4III              +0.071 -0.013    43 -026  49878        
  7  7:31: 4.4 +82:24:41 131.42  28.18  V 4.96   M4IIIa             -0.006 -0.042   999 +014  55966        
  7  8: 0:11.7 +73:55: 5 140.86  30.73    5.41   K3III              -0.009 -0.037    45 +035  64307        
  7  8: 4:47.1 +79:28:47 134.47  29.96 W  5.42   A0pSi              -0.027 -0.049    47 +003  64486        
  7  8:19:32.2 +75:45:25 138.47  31.61    5.54   G8III              +0.030 +0.016       +007  68375        
  8 10:29:41.5 +84:15: 8 126.85  31.76    5.50   F0IV               -0.129 -0.032    29 +004  89571        
  8 10:31: 4.6 +82:33:31 128.03  33.13    5.26   F2V                -0.083 +0.031    21 +007  90089        
  9 12: 5:15.1 +76:54:21 126.32  39.92    5.80   G9III              +0.147 -0.091    71 -020 104985        
  9 12:12:11.9 +77:36:59 125.64  39.31    5.14   A5m                +0.010 +0.022    32 -000 106112        
  9 12:49: 6.6 +83:25: 5 123.01  33.71    5.85   A0V+A2V            -0.026 +0.022   999 +001 112014        
  9 12:49:13.6 +83:24:46 123.01  33.72    5.28   A1IIIShell         -0.029 +0.020   999 +002 112028        
 10 13:26:56.7 +78:38:38 120.71  38.33    5.77   G2.5IIIbCH1        -0.146 +0.029       +015 117566        
 10 13:42:23.1 +82:45: 9 121.01  34.18    5.98   G9III              +0.035 -0.041       -050 120565        
 18  3:19:59.4 +65:39: 8 137.46   7.06 WV 4.84   B2.5Ven            +0.015 -0.013   111 -003  20336        
 18  3:24:40.5 +64:35:10 138.46   6.44    5.23   M0II               -0.005 +0.001   111 -021  20797        
 18  3:42: 9.3 +63:13: 0 140.84   6.44  V 5.10   S3.5/2             -0.020 +0.017   499 -022  22649        
 18  3:46: 0.9 +67:12: 6 138.68   9.84    5.80   F0IV               +0.081 -0.113   249 +006  23005        
 18  3:46: 2.3 +63:20:42 141.10   6.81 S  4.80   G0III+A3V          -0.004 -0.013       -002  23089        
 18  3:49:13.8 +70:52:16 136.55  12.86    5.44   A2m                +0.024 -0.065    58 +017  23277        
 18  3:50:21.5 +71:19:56 136.31  13.27 W  4.63   A2IVn              +0.017 -0.042    83 -001  23401    Gam 
 18  3:49:31.2 +65:31:34 140.02   8.75  V 4.47   M2+IIab            -0.007 -0.013    71 -003  23475        
 18  3:49:36.7 +63:17:50 141.45   7.03    5.85   A5Vn               -0.018 -0.051       -014  23523        
 18  3:57:25.5 +63: 4:20 142.28   7.42    5.03   B9.5V              +0.010 +0.005       +005  24479        
 18  3:57: 8.3 +61: 6:32 143.53   5.90    5.00   K3I-II+A3V:        -0.004 -0.015    66 -002  24480        
 18  4: 6: 3.1 +68:40:48 139.15  12.18    5.87   K2III              +0.002 -0.001       -047  25274        
 19  4:16:53.6 +61:51: 1 144.78   8.04    5.70   B5Vn               +0.011 -0.010       -002  26670        
 19  4:20:40.3 +65: 8:26 142.72  10.66    5.27   G5IIb              -0.036 -0.003       -019  27022        
 19  4:36:24.2 +64:15:42 144.54  11.30    5.94   A1V                -0.026 -0.009       -016  28780        
 19  4:52: 5.2 +63:30:19 146.25  12.16 W  5.44   M3IIIab            +0.037 -0.096   999 -036  30442        
 19  4:54: 3.0 +66:20:34 144.07  14.04    4.29   O9.5Ia              0.000 +0.006       +006  30614   9Alp 
 19  5:20:22.6 +62:39:13 148.85  14.29    5.61   K4I:               -0.003 -0.002       -006  34255        
 20  5:30:10.2 +63: 4: 2 149.08  15.46    5.42   M1IIIa             -0.006 -0.005       -019  35583  17    
 20  5:42:26.4 +65:41:52 147.32  17.88    5.60  gK5                 -0.006 -0.018       -019  37289        
 20  6:12:51.1 +65:43: 6 148.62  20.75    5.32   K1.5IIIbCN-0.5     +0.006 -0.033   249 +007  41927  36    
 20  6:18:50.8 +69:19:11 145.16  22.46    4.80   A0Vn               +0.002 -0.107   124 -007  42818        
 20  6:28:14.6 +70:32: 8 144.14  23.58    5.97   A4V                +0.002 +0.023       -030  44472        
 21  6:40:32.2 +71:44:56 143.09  24.82    5.92   K0III              -0.002 +0.015       -023  46509        
 21  6:50:57.1 +67:34:19 147.80  24.88    5.14   B4IV               +0.002 +0.002   100 +005  48879  42    
 21  6:53:42.2 +68:53:18 146.42  25.38    5.12   B7III              +0.003 +0.008   499 -021  49340  43    
 21  7: 1:21.5 +70:48:29 144.42  26.31 W  5.68  gK4                 +0.017 -0.019       -017  50885        
 21  7:30:52.7 +68:27:56 147.28  28.69    5.64  gK2                 -0.010 -0.038    90 +056  58425        
 22  7:46:40.1 +65:27:21 150.76  30.20    5.92  gK2                 +0.027 +0.018       -029  62066  51    
 39  3:29: 4.1 +59:56:25 141.50   2.88    4.21   B9Ia               -0.003 -0.004       -007  21291        
 39  3:29:54.9 +58:52:43 142.19   2.06    4.54   A0Ia               +0.006 -0.002       -006  21389        
 39  3:30: 0.2 +55:27: 7 144.14 -00.75    5.09   A1V                -0.046 -0.009    39 +000  21447        
 39  3:33:39.0 +54:58:29 144.84 -00.84    5.98   A3V                -0.048 -0.005       +014  21819        
 39  3:42:42.7 +59:58:10 142.87   3.90    5.76   K3IIb              -0.005 +0.002       -010  22764        
 39  3:53:43.3 +57:58:30 145.22   3.22    5.80   A5m                +0.081 -0.096       -005  24141        
 39  4: 4:27.2 +59: 9:20 145.51   5.03    5.06   F0II               -0.002 +0.001       -020  25291        
 39  4:17: 8.2 +57:51:38 147.62   5.21    5.71   K1III              +0.030 -0.034       -038  26755        
 39  4:16:43.1 +53:36:43 150.54   2.13    5.19   A2Vn               -0.017 +0.002    90 -003  26764        
 39  4:21:47.6 +60:44: 8 146.00   7.67    5.39   M0III              +0.054 -0.117       +029  27245        
 39  4:21:51.8 +56:30:24 149.03   4.70    5.88   A3V                -0.014 +0.015       -018  27322        
 40  4:32: 1.8 +53:54:39 151.91   3.95  V 5.77   B0III               0.000 -0.003 D 166 -007  28446   1    
 40  4:39:58.1 +53:28:23 153.03   4.53    5.35   A8V                +0.046 -0.092    52 +020  29316   2    
 40  4:39:54.7 +53: 4:47 153.32   4.26    5.05   K0III              -0.002 -0.013       -041  29317   3    
 40  4:48: 0.3 +56:45:26 151.27   7.54    5.30   A3m                +0.050 -0.148    76 +019  30121   4    
 40  4:55: 3.1 +55:15:33 153.07   7.36    5.52   B9.5V              -0.012 -0.010       +002  30958   5    
 40  4:56: 7.1 +52:52:10 155.05   6.00    5.75   A2V s              -0.003 +0.008       -022  31134        
 40  4:57:17.2 +53:45: 8 154.47   6.68    4.47   A1V                -0.024 +0.007       -008  31278   7    
 40  5: 3:25.1 +60:26:32 149.57  11.38    4.03   G1Ib-IIa           -0.006 -0.016   111 -002  31910  10Bet 
 40  5: 6: 8.5 +58:58:21 150.99  10.80 WV 5.08   B2.5Ve             -0.005 -0.008       -011  32343  11    
 40  5:23:27.8 +57:32:40 153.49  11.88 W  5.28   A0Vn               +0.013 -0.055    43 +012  34787  16    
 41  5:46:30.4 +56: 6:56 156.39  13.88    5.94   A4Vn               +0.019 -0.056       +021  38091  26    
 41  5:54:57.8 +59:53:18 153.44  16.59  V 5.20   A2V                +0.001 -0.019   111 -003  39220  31    
 41  6: 9:59.1 +58:56: 9 155.18  17.94    5.36   G8III              +0.024 +0.023    90 +031  41597  37    
 41  6:15:40.6 +59:59:57 154.43  19.01 W  5.35   K3III              +0.033 -0.021       +012  42633  40    
