  1  1: 8:44.7 +86:15:25 123.24  23.40    4.25   K2II-III           +0.076 -0.012       +009   5848        
  1  3:32:20.1 +84:54:40 126.50  23.20    5.61   G3IIp:+F0:V        +0.063 -0.136    38 +033  20084        
  1  4:10: 1.5 +86:37:34 125.76  24.91    5.86   F5IV               +0.139 -0.084    45 -004  22701        
  1  7:40:30.5 +87: 1:12 126.22  27.72  V 5.07   M2IIIab            -0.045 -0.028   333 -025  51802        
  2 22:13:10.6 +86: 6:29 120.22  24.10    5.27   B9.5Vn             +0.052 +0.045   166 +004 212710        
  2 22:51: 2.2 +85:22:25 120.41  23.10    5.90   K5                 +0.003 +0.107       -030 217157        
  2 23:27: 0.8 +87:18:27 121.86  24.61    5.58   A7IV               +0.075 +0.018       -011 221525        
  3  0:54:53.1 +83:42:26 123.03  20.84    5.62   A4V                +0.062 -0.022       +012   4853        
  3 23:14:37.3 +74:13:52 116.38  12.61    5.84   A0V                +0.048 +0.006       -003 219485        
  3 23:39:10.4 +75:17:34 118.30  13.08    5.95   A3V                +0.012 +0.011       +003 222386        
  3 23:39:21.1 +74: 0:10 117.93  11.83    5.98   G8III              -0.012 +0.004       +009 222387        
  3 23:39:20.8 +77:37:57 118.99  15.31  V 3.21   K1III-IV           -0.067 +0.151    15 -042 222404  35Gam ( 1)
  4  1:12:16.7 +79:40:26 123.91  16.84    5.64   A3V                +0.091 -0.005       +018   6798        
  4  2:47:47.6 +81:26:54 127.33  19.59    5.78   G8pBa3             +0.010 -0.076    76 +018  16458        
  4  3: 6: 7.8 +79:25: 7 129.08  18.19    5.49   M1III+F7IV         -0.039 +0.009 D 124 -038  18438        
  5  3:11:42.8 +81:28:14 128.14  20.05    5.95   A7III-IV           -0.040 -0.009    55 -003  18778        
  5  3:20:19.7 +77:44: 5 130.66  17.16    5.45   A6V                +0.059 -0.061    71 +004  19978        
  5  4:10: 2.8 +80:41:55 130.51  20.91    5.10   G8III+A6V          -0.017 -0.002   200 +004  25007        
  5  4:28:13.0 +83:48:28 128.40  23.40    5.57   B5V                -0.014 +0.010   333 -007  26356        
  5  4:30: 0.1 +83:20:26 128.84  23.15    5.46   G8III              -0.055 +0.105    66 -038  26659        
  5  4:27: 2.8 +80:49:27 130.89  21.50    5.43  gG6                 +0.003 -0.019    71 -009  26836        
  5  5: 0:20.7 +81:11:38 131.38  22.78    5.07   K3III              -0.001 +0.024    50 -008  30338        
 13 20: 8:53.3 +77:42:41 110.38  22.50    4.39   B9III              +0.011 +0.024   999 -023 192907   1Kap 
 13 21: 5:29.3 +78: 7:35 112.40  20.19    5.91   B8Vn               +0.020 +0.029       -016 201908        
 14 21:15:42.2 +77: 0:44 111.85  19.06    5.95   K5III              +0.013 +0.010       +015 203399        
 14 21:24:49.7 +80:31:29 114.98  21.03    5.97  gG6                 +0.044 -0.016       +003 205072        
 14 21:59:15.0 +73:10:48 111.17  14.38 W  5.03   F5V                -0.068 -0.161    30 -021 209369  16    
 14 22:26:42.5 +78:47: 9 116.00  17.91    5.83   A2Vm               -0.016 -0.043       -006 213403  28Rho1
 14 22:29:52.9 +78:49:27 116.16  17.86    5.50   A3V                +0.001 -0.022   124 +001 213798  29Rho2( 2)
 14 22:32:16.2 +76:13:35 114.82  15.60    5.68   A2V                -0.021 -0.011       -022 214035        
 14 22:35:46.1 +73:38:35 113.64  13.27    5.08   F3III-IV           +0.172 +0.023   124 +000 214470  31    
 14 22:37:13.0 +75:22:18 114.63  14.71    5.79   M1IIIab            +0.044 +0.006       -007 214710        
 14 22:47:29.0 +83: 9:14 119.16  21.21    4.74   K3III              +0.021 +0.049       -031 216446        
 14 22:54:24.8 +84:20:46 119.95  22.17    4.71   K4III              +0.092 +0.026   999 +003 217382        
 14 23: 7:53.9 +75:23:15 116.42  13.84    4.41   G2III              +0.012 -0.030   166 -019 218658  33Pi  
 15  0: 4:42.0 +67:10: 0 118.41   4.71    5.67   K1III              +0.092 +0.030    76 -027 225216        
 15 23:27:16.6 +70:21:35 115.92   8.64    5.60   A6IV               +0.119 -0.006    43 -003 220974        
 15 23:34:59.0 +71:38:32 116.93   9.67    5.84   G9Ib               -0.004  0.000       -003 221861        
 15 23:46:36.7 +66:46:56 116.59   4.71    5.95   B2IV               +0.004 +0.001       -014 223128        
 15 23:47:54.8 +67:48:25 116.97   5.67    5.04   A1Vn               +0.014 -0.001    66 +010 223274        
 32 20:29:34.9 +62:59:39  97.76  13.80    4.22   A7III              +0.044 -0.013    26 -007 195725   2The 
 32 20:43:11.0 +66:39:27 101.72  14.68    5.58   A8V                +0.021 +0.032    29 -011 197950   4    
 32 20:45:17.4 +61:50:20  97.86  11.64    3.43   K0IV               +0.087 +0.818    14 -087 198149   3Eta 
 33 21: 6:23.3 +71:25:55 106.95  15.95    5.87   F3IV               -0.048 -0.116    33 +002 201636        
 33 21:18:34.8 +62:35: 8 101.00   9.17  V 2.44   A7V                +0.151 +0.049    14 -010 203280   5Alp ( 3)
 33 21:19:22.2 +64:52:19 102.74  10.69  V 5.18   B3IVe              +0.006 +0.004       -018 203467   6    
 33 21:27:46.1 +66:48:33 104.76  11.43    5.44   B7V                -0.014 -0.019   166 +003 204770   7    
 33 21:28:39.6 +70:33:39 107.54  14.03  V 3.23   B1IV               +0.010 +0.007    71 -008 205021   8Bet ( 4)
 33 21:37:55.2 +62: 4:55 102.27   7.25  V 4.73   B2Ib               -0.003 -0.002       -013 206165   9    
 33 21:41:55.3 +71:18:41 108.88  13.82    4.56   K1III              +0.117 +0.099   124 -037 206952  11    
 33 21:43: 4.0 +72:19:13 109.65  14.50    5.17   K0III              -0.044 -0.038    66 -039 207130        
 33 21:44:53.3 +62:27:38 103.14   6.99 W  5.95   O9Ib-II            -0.007 -0.002       -018 207198        
 33 21:45:26.9 +61: 7:15 102.31   5.93  V 4.29   A2Ia               -0.003 -0.003    76 -021 207260  10Nu  
 33 21:55:31.1 +65:19:15 105.89   8.45  V 5.86   B2.5Ve             +0.007 +0.003       -015 208682        
 33 21:56:39.1 +63:37:32 104.92   7.05 WV 4.91   M2Iaep+B8Ve        -0.005 -0.004   249 -019 208816        
 33 21:58:53.4 +62:41:54 104.54   6.16    5.93   M3IIIab            +0.004 +0.026       -016 209112        
 33 22: 3:52.9 +63: 7:11 105.26   6.15  V 5.29   M5IIIab            +0.031 +0.055       -004 209772  18    
 33 22: 3:47.4 +64:37:40 106.15   7.37    4.29   A3/6Vm             +0.209 +0.085    31 -006 209790  17Xi  ( 5)
 33 22: 5: 0.5 +62:47: 8 105.16   5.81  V 5.27   K4III              +0.015 +0.058       -021 209960  20    
 33 22: 5: 8.9 +62:16:48 104.87   5.39    5.11   O9.5Ib             +0.003  0.000       -013 209975  19    
 33 22: 9:48.4 +72:20:28 111.28  13.23    4.79   G7II-III           +0.032 +0.003    58 -015 210807  24    
 34 22:10:38.9 +70: 7:58 110.00  11.41    5.50   F2V                -0.060 +0.028    26 +001 210884        
 34 22:12:22.3 +63:17:29 106.14   5.73    5.79   M3IIIab            -0.006 -0.010       -014 211029        
 34 22:18:12.7 +62:48:16 106.41   4.96    5.75   K3III              +0.046 +0.015       -002 211833  25    
 34 22:26: 0.8 +70:46:15 111.45  11.22    5.47  gK2                 +0.018 +0.006       -017 213022        
 34 22:27: 5.3 +65: 7:56 108.50   6.39    5.46   B0.5Ibe:           +0.001 -0.002       -015 213087  26    
 34 22:38:39.0 +63:35: 4 108.79   4.42    5.19   A3IV               -0.003 -0.025   124 +011 214734  30    
 34 22:49:40.8 +66:12: 2 111.07   6.18    3.52   K0-III             -0.065 -0.125    24 -012 216228  32Iot 
 34 22:51:22.8 +61:41:49 109.20   2.07    5.60   G8III-IV+G2IV      +0.108 +0.044   200 +002 216380        
 34 23: 3:32.9 +67:12:33 112.75   6.50    5.24   K3III              +0.026 +0.007       -007 218029        
 34 23:15:37.8 +70:53:17 115.19   9.47    5.56   F0IV               +0.018 -0.005       +012 219586        
 34 23:18:37.5 +68: 6:42 114.42   6.79  V 4.75   K0III              +0.058 +0.016    41 -018 219916  34Omi 
 55 20:13:27.7 +60:38:26  94.66  14.16    5.79  gK5                 +0.044 +0.058       -001 192781        
 56 20:44:22.0 +56:29:17  93.47   8.50    5.78   M3III              +0.006 -0.015       -028 197939        
 56 20:45:21.1 +57:34:47  94.43   9.06 W  4.51   F8IV-V             -0.064 -0.236    21 -031 198084        ( 6)
 56 20:59:25.4 +59:26:19  97.06   8.79    5.51  gK4                 +0.044 +0.015   499 -017 200205        
 56 21: 2: 9.1 +56:40:11  95.18   6.72    5.83   B8III              +0.016 +0.004 D 249 -021 200614        
 56 21:11:48.2 +59:59:11  98.52   7.99  V 5.64   B0II                0.000 -0.005 D 499 -016 202214        
 56 21:17:14.3 +55:47:53  95.96   4.58    5.98   K3III              +0.018 +0.017       -019 202987        
 56 21:19:15.8 +58:37:25  98.18   6.36    5.66   M1Ibep+B2pe+B3V    +0.005 -0.001   249 -021 203338        
 57 21:30:59.3 +60:27:34 100.55   6.62    5.53   B1II               -0.002 -0.001       -015 205139        
 57 21:38:57.6 +57:29:21  99.29   3.74    5.62   O6.5V((f))         -0.001 -0.003       -008 206267        
 57 21:43:30.4 +58:46:48 100.60   4.32  V 4.08   M2-Ia              +0.003 -0.003   333 +019 206936    Mu  ( 7)
 57 21:47:25.3 +60:41:34 102.22   5.45    5.52   M1IIIb             -0.008  0.000    47 -020 207528  12    
 57 21:52: 1.0 +55:47:49  99.56   1.28  V 5.71   B6IV-V             +0.013 +0.003 D 200 -007 208095        
 57 21:54:53.2 +56:36:41 100.39   1.68  V 5.80   B8Ib               -0.003 -0.001       -015 208501  13    ( 8)
 57 22: 2: 4.6 +58: 0: 2 102.01   2.18  V 5.56   O9Vn               -0.002  0.000       -007 209481  14    ( 9)
 57 22:10:51.3 +58:12: 4 103.06   1.67  V 3.35   K1.5Ib             +0.015 +0.004    58 -018 210745  21Zet 
 57 22:11:30.7 +59:24:52 103.83   2.61  V 5.04   O6I(n)fp           +0.003 -0.011   166 -074 210839  22Lam 
 57 22:11:48.8 +56:50:22 102.38   0.48 W  5.24   F8V                +0.237 +0.130    41 -019 210855        
 57 22:12: 1.9 +60:45:34 104.65   3.68 W  5.35   K1III              -0.008 +0.019       -003 210939        
 57 22:15: 2.0 +57: 2:37 102.86   0.40 WV 4.19   F0IV               +0.447 +0.048    24 -001 211336  23Eps 
 57 22:16:26.5 +57:13:13 103.12   0.43    5.88   G8III              +0.043 +0.006       -008 211554        
 58 22:29:10.3 +58:24:55 105.19   0.53  V 3.75   F5Ib-G2Ib          +0.015 +0.001    90 -015 213306  27Del 
