272  6:15:44.9 -13:43: 6 221.37 -14.02    5.01   B9Vn               +0.011 -0.009       +038  43445        
272  6:16: 7.7 -16:37: 4 224.13 -15.15    5.92   B2.5Vn             -0.002 +0.008       +014  43544        
272  6:17:41.7 -16:48:57 224.48 -14.89    5.14   K3III              -0.011 +0.008    58 -008  43827        
272  6:21:24.7 -11:46:24 220.17 -11.94  V 5.64   B1Vpe              -0.009 -0.005       +016  44458        
272  6:24:10.3 -11:31:49 220.25 -11.22    5.22   K3III              -0.054 -0.035    62 -026  44951        
272  6:31:23.0 -12:23:30 221.81 -10.01 W  5.15   K3III              +0.040 -0.016    45 +017  46184        
272  6:36:46.7 -13:19:15 223.24 -09.23    5.97   K5                 +0.011 -0.023       -012  47182        
273  6:39:16.7 -14: 8:45 224.26 -09.04    4.82   K2II               +0.004 -0.004       +029  47667        
273  6:45: 8.9 -16:42:58 227.22 -08.88   -1.46   A1Vm               -0.553 -1.205     2 -008  48915   9Alp ( 1)
273  6:45:59.3 -14:47:46 225.57 -07.87    5.32   A2V                -0.025 -0.017    41 -019  49048        
273  6:46:51.1 -14:25:33 225.33 -07.52    5.29   B9III              -0.002 +0.012       +015  49229  11    
273  6:48:57.8 -15: 8:41 226.21 -07.38    5.39   B6V                +0.002 -0.004 D 249 +023  49662        
273  6:54:11.4 -12: 2:19 223.98 -04.85    4.07   K4III              -0.137 -0.013    45 +097  50778  14The 
273  6:56: 6.6 -14: 2:37 225.99 -05.34    5.00   G5III+A2           -0.001 +0.005       +019  51250  18Mu  
273  7: 3:45.5 -15:38: 0 228.25 -04.41    4.12   B8II               -0.002 -0.008       +032  53244  23Gam ( 2)
273  7: 6:40.7 -11:17:39 224.71 -01.79  V 5.39   B0.5IV             -0.011 -0.005       +031  53974        
274  7:13: 7.2 -11:15: 5 225.40 -00.37    5.78   K0                 -0.003 +0.008       +009  55589        
274  7:16:14.5 -15:35: 9 229.59 -01.71    5.46   A2Vnp              -0.050 -0.015    24 +010  56405        
274  7:19:28.1 -16:23:42 230.67 -01.41  V 5.70   F1V                +0.157 -0.132    25 -039  57167        
274  7:20:58.2 -14:21:36 229.04 -00.13    5.45  gG5                 -0.018 +0.016       +013  57478        
274  7:24:40.1 -16:12: 4 231.09 -00.21  V 5.33   B2.5IVe            -0.014 -0.010       +002  58343        
274  7:25: 8.3 -13:45: 7 228.99   1.05 W  5.78   F0V                -0.204 -0.004    27 +007  58461        
274  7:27:51.7 -11:33:25 227.36   2.67    5.79   G8Ib-II+B2+B8V     -0.004 -0.001       +015  59067        
317  6:15: 8.4 -20:16:20 227.51 -16.84    5.91   K0                 +0.005 +0.030       +052  43396        
317  6:15:17.5 -18:28:36 225.81 -16.09    5.99   K0                 +0.016 -0.048       +065  43429        
317  6:18:13.7 -19:58: 1 227.52 -16.05    5.52   B2V                -0.005 +0.007       +023  43955        
317  6:18:59.0 -20:55:34 228.51 -16.27    5.81   B4IV               -0.009 -0.009       +031  44081        
317  6:22:42.0 -17:57:21 226.06 -14.27 WV 1.98   B1II-III           -0.006  0.000    52 +034  44743   2Bet ( 3)
317  6:23:55.9 -25:34:40 233.44 -17.04    5.63   K5III              +0.008 -0.042       +034  45018        
317  6:28:37.3 -17:27:58 226.20 -12.78    5.77   G5                 -0.007 +0.004       +018  45765        
317  6:30:46.3 -27:46:10 236.17 -16.46    5.93   B2.5V              -0.007 +0.011       +020  46189        
317  6:31:51.3 -23:25: 6 232.11 -14.53  V 4.33   B0.5IV             -0.006 +0.012       +027  46328   4Xi 1
317  6:35: 3.4 -22:57:53 231.99 -13.68    4.54   A0V                +0.011 +0.016    39 +026  46933   5Xi 2
317  6:36:22.8 -18:39:36 228.11 -11.61    5.70   G8III+F3IV-V       -0.011 +0.017       +025  47138   6Nu 1
317  6:36:41.0 -19:15:21 228.69 -11.80    3.95   K1III              +0.059 -0.062    17 +003  47205   7Nu 2
317  6:37:53.4 -18:14:15 227.87 -11.11    4.43   K1-II-III          -0.010 -0.007    76 -002  47442   8Nu 3
318  6:50:21.9 -17: 5: 2 228.12 -07.93    5.79   K0                 +0.013 +0.015       +023  49980        
318  6:53:18.8 -19: 1:58 230.20 -08.15    5.64   F1V                -0.049 +0.003       +030  50644        
318  6:53:32.9 -20:13:27 231.30 -08.62  V 4.83   B1IV               -0.009 +0.004       +028  50707  15    ( 4)
318  6:54: 7.9 -24:11: 2 234.98 -10.21  V 3.87   K2+Iab             -0.008 +0.013   499 +036  50877  16Omi1
318  6:55: 2.7 -20:24:17 231.62 -08.39    5.74   A3IV               -0.003 -0.004       -015  51055  17    
318  6:55:37.4 -20: 8:11 231.44 -08.15    4.68  gF2                 +0.047 +0.043    29 +008  51199  19Pi  
318  6:55:46.8 -22:56:29 234.01 -09.33    5.30   B3II-III           -0.017 +0.003       +038  51283        
318  6:56: 8.2 -17: 3:15 228.70 -06.68  V 4.37   B3II               -0.003 +0.002   200 +041  51309  20Iot 
318  6:57:33.9 -24:37:50 235.73 -09.70    5.46  dF0                 -0.058 +0.106    62 +020  51733        
318  6:58:35.9 -25:24:50 236.55 -09.82    5.59   B3V                -0.010 +0.015       +028  52018        
318  7: 1: 5.9 -25:12:55 236.62 -09.23    5.63   B2V                -0.008 +0.021       +006  52670        
318  7: 1:43.1 -27:56: 5 239.17 -10.27  V 3.47   K7Ib               -0.005 +0.005    41 +022  52877  22Sig 
318  7: 3: 1.5 -23:50: 0 235.55 -08.23    3.02   B3Iab              -0.004 +0.003       +048  53138  24Omi2
318  7: 7:22.6 -23:50:25 236.01 -07.34  V 5.71   B2IVe              -0.005 +0.023       +029  54309        
318  7: 8:23.5 -26:23:36 238.42 -08.27    1.84   F8Ia               -0.003 +0.004       +034  54605  25Del ( 5)
318  7: 9:42.9 -25:13:52 237.50 -07.48 WV 5.69   B2.5IV             -0.012 +0.006       +027  54912        
319  7:10:19.4 -27:29:29 239.61 -08.37    5.46   G8III              -0.003 +0.009       +015  55070        
319  7:11:41.6 -20:52:59 233.80 -05.11    5.84   A0V                -0.003 +0.022       +018  55344        
319  7:12:12.2 -25:56:33 238.40 -07.30    5.92   B2V                -0.009 +0.011       +022  55522  26    
319  7:14:15.2 -26:21: 9 238.97 -07.07 WV 4.66   B3IIIe             -0.009 +0.007       +000  56014  27    
319  7:14:48.7 -26:46:22 239.41 -07.15  V 3.85   B2IV-Ve            -0.008 +0.006       +026  56139  28Ome 
319  7:14:51.1 -27: 2:17 239.65 -07.26    5.58   K4III              -0.049 -0.030       +015  56160        
319  7:16:36.8 -23:18:56 236.50 -05.21    4.79   K3Ib-II            -0.010 +0.002    52 +028  56577        
319  7:16:35.0 -27:52:52 240.58 -07.30    4.64   M3III              -0.010 +0.043    83 +042  56618        
319  7:18:40.3 -24:33:32 237.82 -05.37  V 4.98   O7Ia:fp            -0.006  0.000       -011  57060  29    
319  7:18:42.4 -24:57:15 238.18 -05.54    4.40   O9Ib               -0.009 +0.010       +040  57061  30Tau 
319  7:18:51.2 -26:35: 9 239.65 -06.26    5.28   G2Ib               -0.017 +0.008    58 +032  57146        
319  7:21: 4.3 -25:53:29 239.26 -05.50    5.87   M4III              -0.012 +0.025       +023  57615        
319  7:22:13.5 -19: 1: 0 233.29 -02.06    4.96   B7IV               -0.006 -0.008       +027  57821        
319  7:23:29.1 -27:50: 3 241.24 -05.92    5.38   K2III              +0.045 +0.005    76 +048  58215        
319  7:25:25.3 -25:13: 4 239.12 -04.32    5.78   B7III              -0.005 -0.002       +024  58612        
319  7:27: 8.0 -17:51:52 232.83 -00.49    5.63   A5n                +0.002 +0.015       -029  58954        
319  7:26:59.4 -23: 5:10 237.41 -03.00  V 5.61   B0IV:pe            -0.012 +0.004       +025  58978        
360  6:20:18.8 -30: 3:48 237.52 -19.43 W  3.02   B2.5V              +0.009 +0.003   249 +032  44402   1Zet ( 6)
360  6:39:42.7 -30:28:13 239.54 -15.69    5.71   K0III              -0.006 -0.182    52 -024  47946        
360  6:45:31.3 -30:56:56 240.50 -14.73 WV 5.80   B2III              +0.010 +0.002 D 200 +007  49131        
361  6:58:37.5 -28:58:20 239.83 -11.33    1.50   B2II               +0.004 +0.003 D 999 +027  52089  21Eps ( 7)
361  7:15:21.0 -30:41:11 242.99 -08.80    5.36   B3V                -0.018 +0.013       +033  56342        
361  7:24: 5.7 -29:18:11 242.62 -06.49 W  2.45   B5Ia               -0.004 +0.005       +041  58350  31Eta ( 8)
