107 12:16:30.1 +33: 3:41 172.65  80.40 SV 5.00   K0.5IIIb           -0.053 -0.111    45 -042 106760        
107 12:17:30.5 +28:56:14 197.38  82.30    5.70   A4m:               -0.042 +0.037       -007 106887        
108 12:26:56.3 +28:16: 6 199.63  84.46    4.36   K1IIIFe0.5         -0.083 -0.080   333 +004 108381  15Gam 
109 13: 0:16.5 +30:47: 6  95.60  85.86  V 4.90   G9IIICH-2Fe1Ca1    -0.018 -0.013    62 -013 112989  37    
148 12: 4:16.6 +21:27:33 238.22  77.86    5.87   F0IV-V             +0.036 -0.004 D 200 +006 104827   2    
148 12:11:51.2 +25:52:13 218.78  81.06    5.66   K4III              -0.038 -0.031       +022 105981   4    
148 12:12: 9.3 +20:32:31 247.11  78.87    5.57   K0II-III           -0.020 -0.019       -025 106057   5    
148 12:16:20.5 +23:56:43 232.90  81.47    4.95   G8IIIFe-0.5        -0.027 -0.007   166 -028 106714   7    
148 12:20:19.7 +26:37:10 215.35  83.05    5.54   K2III-IV           -0.065 -0.107       -013 107325        
148 12:20:43.0 +17:47:34 264.15  78.28    4.74   G8+III             -0.111 +0.092       +042 107383  11    
148 12:22:30.3 +25:50:46 222.50  83.40    4.81   G0III-IV+A3V       -0.011 -0.009    71 +001 107700  12    
148 12:24:18.5 +26: 5:55 221.04  83.85  V 5.18   A3V                -0.016 -0.011   111 +001 107966  13    
148 12:26:24.1 +27:16: 6 210.06  84.43    4.95   F0p                -0.013 -0.008    71 -004 108283  14    
148 12:26:59.3 +26:49:32 214.72  84.55    5.00   A4V                -0.006 -0.011    41 +002 108382  16    
148 12:28:54.7 +25:54:46 225.22  84.82  V 5.29   A1IVp              -0.025 -0.020    47 -003 108662  17    
148 12:29:26.9 +24: 6:32 243.07  84.20    5.48   F5III              -0.031 -0.001       +025 108722  18    
148 12:29:43.2 +20:53:46 263.27  82.04    5.69   A3V                +0.024 -0.032       -005 108765  20    
149 12:31: 0.6 +24:34: 2 240.93  84.74  V 5.46   A2p                -0.012 -0.009       +000 108945  21    
149 12:34:51.1 +22:37:45 262.15  84.14 W  4.81   A0IV               -0.065 +0.021   249 -016 109485  23    
149 12:35: 7.8 +18:22:37 278.86  80.48    5.02   K2III              -0.006 +0.023   499 +004 109511  24    
149 12:35: 8.1 +21:52:53 266.81  83.58    5.85   K1III              +0.014 -0.019       -014 109519        
149 12:36:58.3 +17: 5:22 283.77  79.42    5.68   K5III              -0.037 -0.016       -008 109742  25    
149 12:39: 7.3 +21: 3:45 277.43  83.32    5.46   G9III              -0.081 -0.013       -021 110024  26    
149 12:49:17.4 +27:33: 8 171.10  89.36    5.78   A2V                -0.096 +0.021       +000 111469  30    
149 12:51:41.9 +27:32:26 114.93  89.58  V 4.94   G0III              -0.012 -0.008    90 -001 111812  31    
149 12:53:17.8 +21:14:42 307.21  84.10    4.90   G8III+F6V          -0.047 -0.022    47 -007 112033  35    
149 12:58:55.4 +17:24:34 313.41  80.13    4.78   M1-IIIb            -0.039 +0.034       -002 112769  36    
149 13: 1: 9.6 +17: 7:23 316.09  79.75    5.96   K0III              -0.005 -0.025       -006 113095  38    
150 13: 6:21.2 +21: 9:12 333.39  83.13 W  5.99   F4V                -0.069 -0.046    33 +001 113848  39    
150 13: 6:22.6 +22:36:58 340.64  84.36  V 5.60   M5III              +0.025 -0.049    22 -005 113866  40    
150 13: 7:10.7 +27:37:29  41.94  86.47    4.80   K5III              +0.031 -0.070   124 -016 113996  41    
150 13: 9:59.3 +17:31:46 327.96  79.49    5.22   F5V                -0.431 +0.136    18 -018 114378  42Alp ( 1)
150 13: 9:59.3 +17:31:46 327.96  79.49    5.22   F5V                -0.430 +0.136    18 -018 114379  42Alp 
150 13:11:52.4 +27:52:41  43.33  85.40 W  4.26   F9.5V              -0.801 +0.882     8 +006 114710  43Bet 
150 13:25: 6.7 +23:51:16  11.48  81.73    5.78   A3IV               -0.013 -0.009       -003 116706        
193 12:16: 0.2 +14:53:56 267.16  75.25    5.10   A3V                -0.080 -0.034    38 +010 106661   6    
194 12:46:38.7 +16:34:39 296.68  79.39    5.12   K3III              +0.009 +0.007       +053 111067  27    
194 12:48:54.2 +14: 7:21 300.20  76.98    5.70   A1V                +0.026 -0.019       -008 111397  29    
195 13: 9:47.8 +16:50:55 326.33  78.88    5.91   K5III              -0.069 -0.012       -017 114326        
