283 12:20:55.7 -13:33:56 291.67  48.64 W  5.14   K1III              -0.006 +0.014    50 +013 107418        
283 12:29:51.9 -16:30:56 295.48  46.05    2.95   B9.5V              -0.210 -0.138    41 +009 108767   7Del ( 1)
284 12:32: 4.2 -16:11:46 296.19  46.42    4.31   F2III-IV           -0.426 -0.061    19 -004 109085   8Eta 
284 12:32:36.0 -13:51:33 295.99  48.76    5.74   F2V                -0.144 -0.051       -001 109141        
284 12:33:34.3 -12:49:49 296.18  49.81    5.58   G8III              -0.016 +0.052       -016 109272        
284 12:41:16.2 -13: 0:54 299.10  49.78    5.98   F5V                -0.127 +0.008 D  71 -011 110318        
328 12: 0:51.2 -19:39:32 286.92  41.63    5.26   B1.5V              -0.021 +0.013       +002 104337        
328 12: 8:24.8 -24:43:44 290.66  37.12    4.02   F2III-IV           +0.086 -0.040    14 +004 105452   1Alp ( 2)
328 12:10: 7.5 -22:37:11 290.59  39.26    3.00   K2.5IIIaBa0.2:     -0.071 +0.014    37 +005 105707   2Eps ( 3)
328 12:11: 3.9 -23:36: 9 291.12  38.34    5.46   A2V                -0.063 -0.016    43 +011 105850   3    
328 12:14:59.6 -20:50:39 291.58  41.22    5.83  gG7                 +0.001 +0.004       +016 106485        
328 12:15:48.4 -17:32:31 290.99  44.50    2.59   B8IIIpHgMn         -0.161 +0.023       -004 106625   4Gam ( 4)
328 12:20:10.7 -22:10:32 293.46  40.12    5.97   G3IV               -0.109 -0.025 D 124 -001 107295        
328 12:20:33.7 -22:12:57 293.58  40.09    5.21   B8Vne              -0.095 -0.028       -006 107348   5Zet 
328 12:23:21.6 -24:50:26 294.89  37.59    5.68  gK1                 -0.019 -0.010       -002 107815   6    
329 12:30:17.5 -23:41:48 296.71  38.92    5.63   M0III              -0.020 -0.003       -011 108821        
329 12:34:23.2 -23:23:48 297.87  39.31    2.65   G5II               +0.002 -0.054    29 -008 109379   9Bet ( 5)
