 47 12:24: 1.5 +51:33:44 133.05  65.02  V 4.80   G6IIIBa0.2         +0.014 +0.013    26 -012 107950   5    
 74 12:16: 7.6 +40:39:37 148.99  74.63    5.66   M1III+F7V          +0.017 -0.032 D 249 -016 106690   2    
 74 12:19:48.7 +48:59: 3 136.46  67.31    5.29   M0III              -0.012 +0.007       +008 107274   3    
 75 12:25:50.9 +39: 1: 7 145.50  76.97    5.02   G9III              -0.078 -0.032    33 -004 108225   6    
 75 12:33:44.5 +41:21:27 136.10  75.32 S  4.26   G0V                -0.705 +0.292     8 +007 109358   8Bet ( 1)
 75 12:44:59.5 +39:16:44 128.81  77.78    5.95   G0V                -0.355 +0.139    15 +081 110897  10    
 75 12:45: 7.8 +45:26:25 126.45  71.65  V 4.99   C7I                -0.001 +0.015   499 +012 110914        
 75 12:54:56.5 +47:11:48 121.20  69.92  V 5.84   M5III              -0.016 -0.006       -017 112264        
 75 13: 5:52.3 +45:16: 7 114.85  71.63    5.63   K1III              -0.012 +0.028 D  83 -020 113847        
 76 13:13:43.0 +40: 9:10 104.83  76.18    4.92   G8IIIaCN0.5        -0.048 +0.015   249 -021 115004        
 76 13:15:32.0 +40:51:19 104.57  75.40    5.79   A7V                -0.108 +0.015       -018 115271  19    
 76 13:17:32.5 +40:34:21 102.73  75.52  V 4.73   F3III              -0.125 +0.021    52 +008 115604  20    
 76 13:18:14.5 +49:40:55 111.85  66.87  V 5.15   A0V                -0.033 +0.015    50 -003 115735  21    
 76 13:20:19.0 +40: 9: 2 100.09  75.67    5.60   K1III              -0.058 -0.002       -021 116010  23    
 76 13:26:16.6 +46: 1:41 105.14  69.88    5.88  gK0                 +0.024 -0.021       +004 116957        
 76 13:34:27.3 +49: 0:58 104.99  66.59    4.70   A5V                -0.127 +0.030    29 -018 118232  24    
 76 13:46:13.5 +41: 5:19  87.52  72.06    5.87   A5V                -0.114 -0.043    83 -013 120047        
108 12:33:38.9 +33:14:51 153.97  82.78    5.42   K0IIICN-1          +0.020 -0.033    30 -020 109317        
108 12:50:10.7 +37:31: 1 124.31  79.61    5.89   A3V                -0.097 +0.027       -014 111604        
108 12:56: 0.4 +38:18:53 118.31  78.77    5.60   F0V                -0.236 +0.062    37 -003 112412  12Alp1
108 12:56: 1.7 +38:19: 6 118.29  78.77  V 2.90   A0pSiEuHg          -0.234 +0.056    37 -003 112413  12Alp2( 2)
109 13: 5:44.5 +35:47:56 104.46  80.81    5.25   B9V                -0.030 +0.021    90 -013 113797  14    
109 13:10: 3.2 +38:29:56 105.17  77.98    5.91   A9III-IV           -0.070 +0.044       +000 114447  17    
109 13:18:27.8 +34: 5:53  84.77  80.93    5.82   K4.5III            +0.033 +0.003       -020 115723        
109 13:34:47.8 +37:10:57  83.33  76.41  V 4.98   F2IV               +0.086 -0.009    45 +007 118216        
109 13:37:27.6 +36:17:42  78.96  76.61    4.82   A7III              -0.099 +0.027    33 -006 118623  25    
110 13:42:43.4 +34:59:20  71.71  76.51    5.98   G5III              +0.013 +0.012       -015 119458        
110 13:46:19.0 +38:30:14  81.11  73.84    5.94   G9III              -0.051 -0.002       -014 120048        
110 13:46:59.8 +38:32:34  80.90  73.71 W  5.50   K0III+F8V          -0.131 -0.016       -010 120164        
110 13:48:38.7 +31:11:25  54.35  76.88    5.62   K0III              -0.007 +0.037       +011 120420        
110 13:51: 9.2 +34:39:52  67.10  75.16    5.87   M2III              +0.005 -0.054    71 -040 120819        
110 13:51:47.5 +34:26:39  66.10  75.14  V 4.74   K5III              -0.019 -0.032    38 -044 120933        
110 13:53:10.3 +28:38:53  42.88  76.28    5.90   A7V                -0.125 +0.027       -012 121164        
