  8  9:37: 5.2 +81:19:35 130.65  32.65    4.29   K3IIIa             -0.019 -0.014    58 -005  81817        
  8 10:35: 5.5 +75:42:47 133.12  38.59    4.84   G8.5III            -0.030 -0.003    37 +017  91190        
  9 12:18:49.9 +75: 9:38 125.72  41.79    5.38   A1V                -0.040 +0.002    55 -003 107193        
 12 17:49:27.0 +76:57:46 108.41  29.86    5.04   F6IV-V s           +0.037 +0.248    31 -023 163989  35    
 12 18: 0: 9.2 +80: 0:15 111.78  28.90  V 5.68   F7                 +0.042 +0.122    39 +010 166866  41    
 12 18:21: 3.4 +72:43:58 103.46  28.06 WV 3.57   F7V                +0.532 -0.350     8 +033 170153  44Chi 
 12 18:29:44.9 +77:32:49 108.91  27.61    5.64  gK4                 -0.001 +0.001    71 +001 172340        
 12 18:45:46.7 +74: 5: 8 105.11  26.39    5.27   K0II-III           +0.005 +0.077    50 +003 174980        
 12 18:46:22.2 +75:26: 2 106.61  26.50    5.35   A1Vn               -0.015 +0.073   124 -008 175286  50    
 13 19: 9: 9.8 +76:33:38 108.08  25.31  V 5.13   A9V                +0.047 -0.123    20 -004 180777  59    
 13 19:15:33.0 +73:21:20 104.73  24.21  V 4.45   K2+IIIbCN1Fe1      -0.140 +0.107    66 -030 181984  60Tau 
 13 20:31:30.4 +74:57:17 108.43  20.04  V 5.20   A0pSrCrEu          +0.005 -0.015    83 +009 196502  73    
 13 20:28:14.6 +81:25:22 114.41  23.36 W  5.46   G9III              +0.033 +0.015    83 -006 196787  75    
 13 20:29:27.5 +81: 5:29 114.11  23.16 W  5.96   K0III+F8V          +0.064 +0.222    45 -014 196925  74    
 13 20:42:35.2 +82:31:52 115.73  23.46  V 5.75   A0V                +0.029 +0.023       -020 199095  76    
 13 20:47:33.4 +80:33: 8 114.01  22.27  V 5.39   K1III              -0.031 -0.037    90 -026 199437        
 25 11:31:24.2 +69:19:52 132.98  46.20    3.84   M0IIICa-1          -0.039 -0.017    38 +007 100029   1Lam ( 1)
 25 11:36: 2.8 +69:19:22 132.45  46.38    5.20   K0III              +0.111 -0.127    39 -002 100696   2    
 25 11:42:28.4 +66:44:42 133.20  48.99    5.30   K3III              -0.043 +0.038       +003 101673   3    
 25 12:15: 8.5 +70:12: 0 127.39  46.61    5.71  gK2                 -0.023 -0.026    76 -014 106574        
 25 12:30: 6.7 +69:12: 4 125.75  47.81  V 4.95   M3IIIa             -0.059 -0.052    62 -013 108907   4    
 25 12:33:29.0 +69:47:18 125.21  47.26  V 3.87   B6IIIpe            -0.059 +0.012    76 -011 109387   5Kap 
 26 12:34:44.0 +70: 1:19 125.02  47.04    4.94   K3III*             -0.032  0.000       +005 109551   6    
 26 12:47:34.4 +66:47:25 123.53  50.33    5.43  gK5                 +0.010 -0.005    43 +008 111335   7    
 26 12:55:28.5 +65:26:19 122.26  51.68    5.24   F0V                -0.005 -0.029    31 +009 112429   8    
 26 12:59:55.1 +66:35:50 121.60  50.51    5.32   K2III              -0.139 -0.013   200 -030 113092   9    
 26 13:41:29.9 +64:49:21 114.42  51.47    5.85   A2V                +0.054 -0.012       -006 119476        
 27 13:51:25.9 +64:43:24 112.77  51.21  V 4.65   M3.5III            +0.001 -0.002    71 -011 121130  10    
 27 14: 4:23.3 +64:22:33 110.52  50.96    3.65   A0III              -0.055 +0.018    55 -013 123299  11Alp ( 2)
 28 15:22:37.3 +62: 2:50  97.98  47.09  V 5.98   A0pSi              +0.010 -0.034       -024 137389        
 28 15:22:38.4 +63:20:29  99.48  46.30    5.79  gK4                 -0.013 -0.091   200 -046 137443        
 28 15:30:55.7 +64:12:31  99.67  45.05    5.79   K0III-IV           -0.117 +0.081   499 +010 138852        
 28 15:46:40.0 +62:35:58  96.42  44.46    5.19   A2IV               +0.039 -0.055    55 -006 141653        
 28 16: 6:19.7 +67:48:37 101.15  40.09    5.44   A0Vn               -0.035 +0.066   100 -018 145454        
 29 16:21:48.7 +69: 6:34 101.80  38.23    5.25   K2III              -0.019 -0.004   111 -008 148293        
 29 16:23:47.0 +61:41:48  92.82  40.91    5.67   G8III              -0.037 +0.034 D 333 -024 148374        
 29 16:23:59.5 +61:30:51  92.58  40.95    2.74   G8-IIIab           -0.017 +0.061    19 -014 148387  14Eta 
 29 16:27:59.0 +68:46: 5 101.11  37.87    5.00   A0III              -0.025 +0.036    71 -007 149212  15    
 29 16:40:55.1 +64:35:21  95.57  38.16    4.83   K0III*             +0.001 -0.013   111 +000 151101  18    
 29 16:56: 1.7 +65: 8: 5  95.68  36.47    4.89   F6V                +0.240 +0.050    16 -023 153597  19    
 29 17: 8:47.2 +65:42:53  96.01  35.04 S  3.17   B6III              -0.020 +0.022    43 -017 155763  22Zet ( 3)
 29 17:12:32.6 +62:52:28  92.50  35.14    5.56   F0IV               +0.014 +0.048    71 -005 156295        
 30 17:31:57.9 +68: 8: 6  98.42  32.40 W  5.05   K0III              -0.012 +0.134    50 -073 159966  27    
 30 17:34:59.5 +61:52:30  91.00  32.65    5.23   G0Va               +0.260 -0.507    14 -013 160269  26    
 30 17:36:57.1 +68:45:29  99.08  31.87 W  4.80   F5V                +0.002 +0.323    22 -014 160922  28Ome 
 30 17:37: 8.8 +72:27:21 103.38  31.35    5.86   G9III              +0.021 +0.022       +008 161178        
 30 17:41:56.3 +72: 8:56 102.97  31.03    4.58   F5IV-V             +0.025 -0.267    18 -010 162003  31Psi1( 4)
 30 17:41:58.0 +72: 9:25 102.98  31.03    5.79   G0V                +0.030 -0.278    18 -010 162004  31Psi1( 5)
 30 17:55:11.2 +72: 0:18 102.68  30.03    5.45   F2-3II-III         +0.013 -0.001       -002 164613  34Psi2
 30 18:13:53.8 +64:23:50  93.97  28.29    5.03   F5V                +0.349 +0.035    21 -035 168151  36    
 30 18:15:17.0 +68:45:21  98.93  28.40    5.95  gK1                 +0.015 -0.061       -010 168653  37    
 30 18:20:45.5 +71:20:16 101.88  28.04  V 4.22   A0pSi:             -0.004 +0.040    83 -016 170000  43Phi 
 30 18:25:59.1 +65:33:49  95.42  27.13    4.82   K1.5IIIFe-0.5      +0.105 -0.023    47 +032 170693  42    
 31 18:37:33.5 +62:31:36  92.27  25.43    5.74   A0V                -0.005 +0.051       -011 172728        
 31 18:44:18.2 +61: 2:53  90.85  24.36    5.99   G7IV               -0.005 +0.018 D 166 -025 173949        
 31 18:54:23.9 +71:17:50 102.15  25.36    4.82   K0IIIBa0.2         +0.049 +0.044    71 -007 176524  52Ups 
 31 18:56:25.6 +65:15:29  95.68  23.95    5.63   G8III              -0.028 -0.032       -005 176598        
 31 19:12:33.3 +67:39:42  98.65  23.00 W  3.07   G9III              +0.094 +0.093    31 +025 180711  57Del ( 6)
 31 19:20:40.1 +65:42:53  96.90  21.66    4.59   A2III s            +0.012 +0.045    50 -029 182564  58Pi  
 31 19:32:21.6 +69:39:40 101.32  21.89 WV 4.68   K0V                +0.600 -1.738     5 +027 185144  61Sig ( 7)
 31 19:44:18.5 +69:20:13 101.37  20.78    5.92   A2III              +0.016 -0.023       +000 187340        
 32 19:48:10.4 +70:16: 4 102.43  20.83  V 3.83   G7IIIbCN-2         +0.082 +0.037    62 +003 188119  63Eps ( 8)
 32 19:58:28.7 +63:32: 3  96.42  17.09    5.96   A3V                -0.005 -0.026       -009 189900        
 32 20: 1:28.5 +64:49:16  97.77  17.38 W  5.27   M1III-IIIb         +0.007 -0.012   166 -034 190544  64    
 32 20: 2:49.1 +67:52:25 100.70  18.64 W  4.51   K3III              +0.016 +0.046    58 -009 190940  67Rho 
 32 20: 5:32.8 +61:59:44  95.39  15.65    5.39   K3III              +0.121 +0.074    27 +006 191277  66    
 32 20:11:34.9 +62: 4:43  95.83  15.08 W  5.75   F5V                +0.123 +0.083    32 -015 192455  68    
 32 20:17:31.3 +66:51:14 100.45  16.92    5.93   G3V                +0.466 +0.300    14 -005 193664        
 32 20:19:36.7 +62:15:27  96.48  14.36  V 5.72   B9V                +0.010 +0.026       -019 193964  71    
 32 20:20: 6.0 +68:52:49 102.43  17.72  V 5.55   M4.5-5III          +0.017 +0.025       -043 194258        
 32 20:21:11.4 +63:58:49  98.10  15.11    5.69   K5III              -0.004 +0.023       +030 194298        
 50 14:32:30.9 +55:23:52  96.99  56.34    5.76  gK5                 +0.006 -0.015       +003 128000        
 50 14:51:26.4 +59:17:38  98.56  51.78    5.46   K4III              -0.122 +0.139       +011 131507        
 50 15: 1:27.1 +60:12:16  98.26  50.23    5.93   A4V                -0.017 +0.015       -009 133388        
 50 15:24:55.8 +58:57:58  93.97  48.63 W  3.29   K2III              -0.009 +0.017    25 -011 137759  12Iot ( 9)
 50 15:27:51.4 +60:40:13  95.79  47.38    5.90   K5III              -0.019 -0.002       -047 138265        
 51 15:35:16.3 +53:55:19  86.16  49.85    5.97  gK4                 -0.011 -0.004       -010 139357        
 51 15:35:57.1 +54:37:50  87.08  49.45 S  5.74   A2V                -0.035 -0.010       -019 139493        
 51 15:37:32.0 +54:30:32  86.76  49.30    5.87  gK1                 -0.037 -0.015       -023 139778        
 51 15:46:34.8 +55:28:29  87.27  47.72    5.92  gK3                 -0.125 +0.076       -004 141472        
 51 15:47:38.0 +55:22:36  87.05  47.62    5.86   A3m                +0.011 +0.010 D  76 -002 141675        
 51 15:52:16.6 +55:49:36  87.29  46.84    5.81  gG8                 -0.023 +0.057       -030 142531        
 51 15:57:47.4 +54:44:59  85.41  46.50  V 4.95   F0IV               -0.150 +0.110    45 -011 143466        
 51 16: 2: 5.5 +52:54:57  82.59  46.48    5.93  gK5                 -0.002 -0.034       -007 144204        
 51 16: 1:53.3 +58:33:55  90.18  44.58    4.01   F8IV               -0.320 +0.335    19 -009 144284  13The 
 51 16:17:15.3 +59:45:18  90.74  42.32  V 5.40   M4IIIa             +0.007 +0.028       -036 147232        
 51 16:24:25.3 +55:12:18  84.45  42.72  V 5.74   A2Si3955 Sr        +0.012 +0.023       -004 148330        
 52 16:32:25.7 +60:49:24  91.30  40.20    5.94   A2V                +0.022 -0.010       -009 149650        
 52 16:36:11.5 +52:54: 1  80.94  41.48    5.53   B9.5Vn             -0.009 +0.033 D 100 -009 150100  16    
 52 16:36:13.7 +52:55:28  80.97  41.48    5.08   B9V                -0.009 +0.027 D 100 -010 150117  17    
 52 16:38: 0.4 +56: 0:56  84.94  40.67    5.29   K1III               0.000 +0.066    66 -019 150449        
 52 16:45:17.8 +56:46:55  85.67  39.53 S  4.85   F2V                +0.018 +0.066    21 -004 151613        
 52 17: 5:19.8 +54:28:13  82.30  37.02    5.83   F7V                -0.073 +0.085    21 -018 154905  21Mu  
 52 17: 5:19.7 +54:28:13  82.30  37.02    5.80   F7V                -0.073 +0.085    21 -015 154906  21Mu  (10)
 52 17:21:45.4 +53:25:14  80.90  34.64    5.67   K4III              +0.021 +0.005       -008 157681        
 52 17:25:41.3 +60: 2:54  88.89  33.88    5.65   A1Vn               -0.010 +0.027       +007 158460        
 53 17:30:26.0 +52:18: 5  79.58  33.31    2.79   G2Ib-IIa           -0.016 +0.015    76 -020 159181  23Bet (11)
 53 17:32:10.6 +55:11: 3  83.03  33.14    4.88   A6V                +0.147 +0.057    28 -015 159541  24Nu 1
 53 17:32:16.0 +55:10:23  83.02  33.12    4.87   A4m                +0.148 +0.056    28 -016 159560  25Nu 2(12)
 53 17:41:21.8 +51:49: 5  79.13  31.60    5.99  gK0                 -0.028 -0.014       -009 161193        
 53 17:43:59.3 +53:48: 6  81.49  31.36    5.75   A2V                +0.022 -0.015       -002 161693        
 53 17:49: 4.3 +50:46:52  78.07  30.30 S  5.02   A2V                -0.048 +0.211       -055 162579  30    
 53 17:53:31.7 +56:52:22  85.17  30.23 W  3.75   K2-III             +0.094 +0.080    28 -026 163588  32Xi  (13)
 53 17:56:36.4 +51:29:20  79.06  29.22    2.23   K5III              -0.008 -0.019    39 -028 164058  33Gam (14)
 53 18:10:31.6 +54:17:12  82.54  27.55    5.95   K1III              +0.104 +0.245    52 -016 167042        
 53 18:23:54.5 +58:48: 2  87.88  26.44    4.98   A1V                -0.039 +0.060    28 -015 170073  39    
 54 18:32:34.5 +57: 2:44  86.20  24.99    4.77   F7Ib               +0.001 -0.006    76 -012 171635  45    
 54 18:33:56.7 +52:21:13  81.23  23.73    5.36   K0III              -0.002 +0.008   249 -024 171779        
 54 18:42:37.9 +55:32:22  84.94  23.29 WV 5.04   B9.5pHg:           -0.002 +0.024    90 -030 173524  46    
 54 18:46:43.1 +52:59:17  82.45  22.03  V 5.88   B2.5Ve             +0.010 -0.002       -016 174237        
 54 18:51:35.0 +52:58:30  82.65  21.33    5.51   G9IVa              -0.046 +0.271    27 +002 175225        
 54 18:51:12.1 +59:23:18  89.31  23.14  V 4.66   G9IIIFe-0.5        +0.079 +0.027   166 -020 175306  47Omi 
 54 18:53:13.6 +50:42:30  80.43  20.40    4.92   G7IIIaFe-1         +0.005 -0.025    41 +008 175535        
 54 18:56:45.0 +57:48:54  87.87  22.02    5.66   K1III              -0.029 -0.062    55 -034 176408  48    
 54 19: 0:13.7 +50:32: 1  80.64  19.29    5.38   B2.5IV             +0.009 +0.005       -019 177003        
 54 19: 0:43.4 +55:39:30  85.83  20.86    5.48   G5.5IIbFe-0.5      -0.016 -0.006       +010 177249  49    
 54 19: 4:55.2 +53:23:48  83.76  19.56    5.38   A0Vn               -0.003 +0.025    43 -024 178207  51    
 54 19:11:40.5 +56:51:33  87.56  19.81  V 5.12   G8III              +0.039 +0.048    83 -016 180006  53    
 54 19:13:55.2 +57:42:18  88.52  19.81    4.99   K2III              -0.010 -0.070    39 -027 180610  54    
 54 19:20:16.1 +57:38:43  88.77  18.99    5.91   M1IIIab            +0.023 +0.011       -021 182190        
 82 18:21:32.7 +49: 7:18  77.27  24.87    5.05   M2IIIab            -0.020 +0.053       +014 169305        
 83 18:54:47.1 +48:51:35  78.66  19.56    5.77   F3III              -0.061 -0.118    58 -011 175824        
