 99  6:44:45.5 +28:58:15 186.08  11.43    5.44   K4III              -0.004 -0.026       +016  48450  28    
 99  6:49:41.3 +32:36:24 183.13  13.89  V 5.71   K3II               -0.036 -0.047       -016  49380        
 99  6:52:47.3 +33:57:40 182.10  15.02    3.60   A3III              -0.002 -0.048    47 +021  50019  34The 
 99  6:57: 0.5 +33:40:52 182.72  15.72    5.89   G5III              -0.019  0.000       -010  51000        
100  7: 3:30.4 +29:20:14 187.43  15.32    5.93   G4V                +0.153 -0.826    16 +022  52711        
100  7: 6:11.6 +34:28:26 182.69  17.78    5.55   G8IV               -0.055 -0.048    27 +005  53329        
100  7: 7:22.3 +34: 0:34 183.24  17.84    5.91  gK4                 -0.028 -0.025       +014  53686        
100  7:11: 8.4 +30:14:43 187.22  17.20    4.41   K2-III             -0.030 -0.045   142 +022  54719  46Tau 
100  7:29: 6.7 +31:47: 4 187.14  21.34    4.18   F0V                +0.155 +0.175    16 -004  58946  62Rho 
100  7:29:20.4 +28: 7: 5 190.83  20.13    5.05   A4V                -0.041 -0.056   124 +035  59037  64    
100  7:34:36.0 +31:53:19 187.44  22.48    2.88   A2Vm               -0.172 -0.099    14 -001  60178  66Alp 
100  7:34:36.0 +31:53:18 187.44  22.48  V 1.98   A1V                -0.171 -0.098    14 +006  60179  66Alp ( 1)
100  7:35: 8.7 +30:57:40 188.43  22.29    5.33   K0III              -0.033 +0.013 D 333 -006  60318        
101  7:38:32.8 +35: 2:55 184.45  24.24    5.56   K0III              +0.037 +0.030       -036  60986  70    
101  7:39: 9.9 +34:35: 3 184.97  24.23    4.90   F3III              -0.037 -0.117    47 +007  61110  71Omi 
101  7:43:18.7 +28:53: 1 191.19  23.27 WV 4.28   K1III              +0.065 -0.232    55 +046  62044  75Sig 
101  7:45:18.9 +28: 1:34 192.23  23.41    1.14   K0IIIb             -0.628 -0.046    10 +003  62509  78Bet ( 2)
101  7:47:30.3 +33:24:56 186.76  25.53    5.14   M1IIIa             -0.018 -0.029    83 -012  62898  80Pi  
136  6: 4: 7.2 +23:15:48 186.99   0.72 WV 4.16   G7III              -0.008 -0.100    32 +020  41116   1    ( 3)
137  6: 9:32.4 +22:11:24 188.54   1.28    5.93   K4I                -0.018 -0.013       +008  42049        
137  6: 9:44.0 +23: 6:48 187.75   1.77    5.75   B2.5Ib             +0.007 -0.001       +016  42087   3    
137  6:11:32.3 +24:25:13 186.80   2.76    5.80   K0III              -0.004 -0.054       +022  42398   5    
137  6:14:52.6 +22:30:24 188.85   2.52  V 3.28   M3III              -0.068 -0.012    71 +019  42995   7Eta ( 4)
137  6:22:57.6 +22:30:49 189.72   4.17  V 2.88   M3IIIab            +0.054 -0.111    50 +055  44478  13Mu  ( 5)
137  6:28:57.8 +20:12:44 192.42   4.35    4.15   B6IIIe             -0.007 -0.014   111 +039  45542  18Nu  
138  6:42:24.3 +17:38:43 196.16   6.02    5.21   A2V                +0.005 -0.087       +015  48097  26    
138  6:43:55.9 +25: 7:52 189.54   9.63    2.98   G8Ib               -0.006 -0.013    58 +010  48329  27Eps ( 6)
138  6:51:33.0 +21:45:40 193.38   9.76    5.27   A2V                -0.008 -0.038   100 +034  49908  36    
138  6:52: 0.0 +23:36: 6 191.74  10.64    5.65   K5III              -0.040 -0.009       +040  49968        
138  6:55:18.6 +25:22:32 190.42  12.06    5.73   G0V                -0.042 +0.022    18 -011  50692  37    
138  7: 2:24.8 +24:12:55 192.18  13.06  V 5.18   G5IIa-Ib           -0.009 -0.001    83 -009  52497  42Ome 
138  7: 2:25.5 +17:45:20 198.17  10.35 DV 5.94   M1                 +0.016 +0.031       +023  52554        
138  7: 4: 6.5 +20:34:13 195.75  11.90  V 3.79   F7-G3Ib            -0.009  0.000       +007  52973  43Zet ( 7)
139  7:11:23.1 +26:51:24 190.51  15.96    5.78   A4IV               -0.023 -0.036       +039  54801  47    
139  7:12:26.4 +24: 7:42 193.21  15.11    5.85   F5III-IV           -0.022 -0.048       +013  55052  48    
139  7:14:41.9 +24:53: 6 192.70  15.88    5.82   M1III              +0.047 -0.092       +047  55621  52    
139  7:15:57.1 +27:53:51 189.91  17.30    5.71   M1IIIa             -0.016 +0.001   124 +024  55870  53    
139  7:20: 7.4 +21:58:56 195.98  15.89    3.53   F2IV               -0.026 -0.012    16 +004  56986  55Del ( 8)
139  7:21:56.8 +20:26:37 197.63  15.66    5.10   M0IIIab            -0.066 -0.027   499 +004  57423  56    
139  7:23:28.5 +25: 3: 2 193.34  17.78 D  5.03   G8III              -0.069 -0.023    45 +006  57727  57    
139  7:24:33.4 +27:38:17 190.91  18.97    5.76 g:F0                 +0.012 +0.017       -005  57927  59    
139  7:25:43.6 +27:47:53 190.85  19.27    3.79   G9IIIbHdel -1      -0.123 -0.086    31 +008  58207  60Iot ( 9)
139  7:26:56.3 +20:15:26 198.29  16.66 D  5.93   F2Vn               -0.005 -0.019       +009  58579  61    
139  7:27:44.4 +21:26:42 197.23  17.30    5.22   F5V+F5V            -0.058 -0.121    24 +025  58728  63    
139  7:29:48.7 +27:54:58 191.07  20.15    5.01   K2III              -0.034 -0.024    55 +036  59148  65    
139  7:31:48.4 +17: 5:10 201.80  16.44    5.42  gK2                 +0.043 -0.078   999 -040  59686        
139  7:35:55.3 +26:53:45 192.60  21.06 W  4.06   M0III-IIIb         -0.034 -0.106    71 -021  60522  69Ups 
139  7:39:28.6 +17:40:29 202.01  18.35 D  5.05   K5IIIFe-0.5        +0.005 +0.004   111 +028  61338  74    
139  7:40:58.5 +23: 1: 7 196.92  20.73    5.89   K5                 -0.010 -0.011       +039  61603        
140  7:44: 6.9 +25:47: 3 194.42  22.39    5.31   K4-5III            -0.020 -0.016   142 +003  62285  76    
140  7:44:26.8 +24:23:53 195.85  21.97    3.57   G8IIIa             -0.033 -0.052    38 +021  62345  77Kap 
140  7:46: 7.4 +18:30:36 201.86  20.14 D  4.88   K4III-IIIb         -0.076 -0.058    71 +081  62721  81    
140  7:51:56.7 +19:19:31 201.62  21.72    5.99  gK1                 -0.055 -0.032       +039  63889        
140  7:53:29.8 +26:45:57 194.19  24.70    4.97   A3V                -0.035 -0.031       +008  64145  83Phi 
140  7:55:39.9 +19:53: 2 201.42  22.74    5.35   A0V s              -0.018 -0.043   111 +011  64648  85    
140  8: 3:31.1 +27:47:39 193.90  27.14 W  4.94   K1.5III            -0.026 -0.042    62 -011  66216    Chi 
182  6:33:36.1 +14: 9:19 198.32   2.55    5.53  gK2                 -0.019 -0.085       -012  46374        
182  6:37:42.7 +16:23:57 196.77   4.45 W  1.93   A0IV               +0.042 -0.042    30 -013  47105  24Gam (10)
183  6:39:47.6 +12:58:59 200.05   3.35    5.97   A2V                -0.034 -0.001       -020  47575        
183  6:43:59.3 +13:13:40 200.30   4.37    4.49   K0IIICN1Ca1        -0.003 -0.058   142 +014  48433  30    
183  6:45:17.4 +12:53:44 200.74   4.50    3.36   F5III              -0.116 -0.191    18 +025  48737  31Xi  (11)
183  6:49:49.8 +16:12:10 198.26   6.96 WV 5.85   B7III              -0.017 -0.012       +013  49606  33    
183  6:50:25.5 +13:24:48 200.84   5.85    5.65  gK3                 -0.002 -0.002       +026  49738  35    
183  6:54:38.7 +13:10:40 201.51   6.67    4.65   F0Vp               +0.078 -0.083    23 +024  50635  38    
183  7: 0:15.8 +16: 4:44 199.48   9.16    5.68   K3Ib               -0.007 -0.005       +022  52005  41    
183  7: 2:17.4 +15:20:10 200.37   9.28    5.74  gK1                  0.000 -0.016       -014  52556        
183  7: 2:33.5 +16:40:27 199.18   9.91    5.82   M2III              +0.017 -0.015       +035  52609        
183  7: 3:38.0 +10:57: 6 204.50   7.65    5.13   K3III              -0.008 -0.019    90 +021  52960        
183  7: 3:51.6 +12:35:40 203.04   8.42    5.98   K5                 +0.002 +0.001       -016  52976        
183  7: 8:22.0 +15:55:51 200.47  10.86    5.44   G8III              -0.008 -0.099   142 -017  54131  45    
184  7:13:22.3 +16: 9:32 200.78  12.04 WV 5.00   M4IIIab            +0.013 -0.042    90 -009  55383  51    
184  7:18: 5.6 +16:32:25 200.92  13.23    3.58   A3V                -0.048 -0.037    21 -009  56537  54Lam 
184  7:33:36.5 +15:49:36 203.19  16.32 D  5.25   A1Vn               -0.019 -0.012    90 +012  60107  68    
184  7:41:51.8 +13:28:50 206.28  17.17    5.77   M2IIIab            -0.039 -0.020       +007  61885        
185  7:42: 3.2 +14:12:30 205.61  17.51  V 5.56   M3II-III           -0.004 -0.012   166 -016  61913        
