 57 22:11: 9.9 +50:49:24  98.86 -04.40    5.40   A5V                +0.139 +0.041   124 -008 210715        
 57 22:23:33.6 +52:13:45 101.26 -04.30 S  4.43   G8.5IIIbCa1        -0.013 -0.186    47 -010 212496   3Bet 
 58 22:31:17.5 +50:16:57 101.26 -06.60    3.77   A1V                +0.138 +0.019    25 -004 213558   7Alp 
 58 22:33:40.6 +56:37:30 104.80 -01.32  V 5.71   G8III-IV           +0.073 +0.047       -011 213930        
 58 22:37:22.4 +51:32:43 102.73 -05.99    4.63   A8IV               -0.054 -0.101    45 +012 214454   9    
 58 22:38:37.9 +56:47:45 105.48 -01.51  V 5.21   M4+III             +0.053 -0.029       +008 214665        
 58 22:40:18.4 +53:50:46 104.25 -04.20    5.93   K0III              +0.001 -0.014       -006 214878        
 58 22:49:46.2 +55:54:10 106.42 -03.02    5.43   K1III              +0.083 +0.043       -036 216174        
 87 22: 6: 2.0 +45: 0:52  94.74 -08.61  V 5.14   K5III              -0.007 -0.016   166 -023 209945        
 87 22:13:52.7 +39:42:54  92.76 -13.75  V 4.49   K3III              +0.038 +0.013    50 -011 211073        
 87 22:13:49.3 +45:26:27  96.12 -09.07    5.53   A0III              +0.081 +0.009       -009 211096        
 87 22:14:44.4 +42:57:14  94.81 -11.20    5.71   A2Vnn              +0.049 -0.025       -038 211211        
 87 22:21: 1.6 +46:32:12  97.79 -08.86  V 4.57   B6V                +0.023 +0.005    25 -010 212120   2    
 87 22:24:31.0 +49:28:35  99.90 -06.71    4.57   B9Iab              -0.007 -0.003   333 -026 212593   4    
 87 22:29:31.8 +47:42:25  99.66 -08.65 SV 4.36   M0II+B8V           +0.002  0.000   166 -004 213310   5    
 87 22:30:29.3 +43: 7:24  97.36 -12.64    4.51   B2IV               -0.001 -0.005       -008 213420   6    
 87 22:32:26.4 +39:46:47  95.87 -15.68    5.88   A6V                +0.004 -0.011       +005 213660        
 87 22:35:52.3 +39:38: 3  96.38 -16.15  V 5.73   B2Ve               +0.005 -0.006       -010 214168   8    
 87 22:39:15.7 +39: 3: 1  96.65 -16.98    4.88   O9V                +0.001 -0.005       -010 214680  10    
 87 22:40:30.9 +44:16:35  99.56 -12.57    4.46   K2+III-IIIb        +0.094 +0.012   100 -010 214868  11    
 87 22:41:28.6 +40:13:32  97.65 -16.18 WV 5.25   B2III              -0.005 -0.001       -015 214993  12    
 87 22:41:36.1 +41:32:58  98.35 -15.04    5.94   G9III              +0.148 +0.065   999 -014 215030        
 87 22:44: 5.2 +39:27:56  97.71 -17.09    5.95   K5III+K2III        +0.007 -0.021   100 -027 215359        
 87 22:44: 5.5 +41:49: 9  98.91 -15.04    5.08   K0III              -0.007 +0.004   100 +013 215373  13    
 88 22:46:10.2 +44:32:46 100.60 -12.83  V 5.76   F0III-IV           +0.140 +0.032    52 -010 215664        
 88 22:50:21.8 +41:57:13 100.04 -15.47 SV 5.92   B3IV:              +0.010  0.000       -014 216200  14    
 88 22:52: 2.0 +43:18:45 100.97 -14.41    4.94   M0III              +0.110 +0.029    47 -017 216397  15    
 88 22:53:40.1 +44:44:57 101.91 -13.26    5.81   A3Vm+F6V           -0.016 -0.013    55 +012 216608        
 88 22:54: 7.0 +40:22:37  99.94 -17.20    5.81   K0III              +0.103 +0.036       -006 216646        
 88 22:56:23.6 +41:36:14 100.92 -16.30  V 5.59   B2IV               -0.002  0.000       -007 216916  16    
 88 22:56:26.0 +49:44: 1 104.59 -09.00  V 4.95   K5Ib               +0.003 -0.002       -010 216946        
 88 22:57: 4.5 +48:41: 3 104.22 -09.99  V 5.43   B4IIIep            +0.012 -0.009       -022 217050        
122 22:15:58.2 +37:44:56  91.93 -15.59    4.13   K3-II-III          +0.013 +0.004   333 -008 211388   1    
123 22:48:10.9 +37:25: 0  97.40 -19.27  V 5.90  gG8                 -0.055 -0.058       -025 215943        
123 22:55: 2.6 +37: 4:37  98.51 -20.21    5.91   F5II               +0.086 +0.007       -028 216756        
123 22:55:44.5 +36:21: 6  98.28 -20.92    5.74   B7III              +0.022 +0.005       +001 216831        
