 71  9:57:41.1 +41: 3:20 180.07  51.89    5.14   F6V s              -0.117 -0.025    25 -010  86146  19    
103  9:30:43.2 +33:39:20 191.56  46.65 W  5.85  gG8                 -0.020 -0.049       +002  82087   7    
103  9:31:32.4 +35: 6:11 189.47  46.93    5.37   M1IIIab            -0.056 -0.102       +038  82198   8    
103  9:34:13.4 +36:23:51 187.61  47.53  V 4.55   G8.5III            +0.006 -0.022       -012  82635  10    
103  9:35:39.6 +35:48:37 188.49  47.81  V 5.41   G8V                -0.706 -0.241     9 +013  82885  11    
104 10: 1: 0.7 +31:55:25 195.01  52.86 W  5.36   G3VaHdel 1         -0.528 -0.428    18 +056  86728  20    
104 10: 7:25.8 +35:14:41 189.47  54.26    4.48   A7V                +0.053 +0.004    19 -018  87696  21    
104 10:11:12.8 +37:24: 7 185.68  54.90    5.85  gK3                 -0.021 -0.031       +009  88231        
104 10:16:14.4 +29:18:38 199.96  55.90    5.35   A0Vn               -0.075 -0.023       +016  88960  23    
105 10:23: 6.3 +33:54:29 191.68  57.53    5.90   A6V                -0.013 -0.005       -015  89904  27    
105 10:24: 8.6 +33:43: 7 192.02  57.75    5.50  gK1                 -0.019 -0.003       -022  90040  28    
105 10:25:54.9 +33:47:46 191.85  58.11    4.74   F0V                -0.070 -0.061       +014  90277  30    
105 10:27:53.0 +36:42:26 186.28  58.28    4.21   G9IIIab            -0.118 -0.101    45 +006  90537  31Bet 
105 10:30: 6.4 +38:55:31 181.98  58.36    5.77   A4V                -0.017 -0.002       +002  90840  32    
105 10:31:51.4 +32:22:46 194.53  59.39    5.90   A0IV               +0.015 +0.006       -015  91130  33    
105 10:33:30.9 +34:59:19 189.36  59.60    5.58   A2Vn               -0.029 -0.006       +007  91365  34    
105 10:38:43.2 +31:58:34 195.30  60.85    4.71   G2.5IIa             0.000 +0.008    47 -007  92125  37    
105 10:39: 7.6 +37:54:36 183.25  60.29    5.85   F9V                -0.222 -0.044    26 +007  92168  38    
105 10:45:51.9 +30:40:56 198.01  62.38 W  5.24   A1Vn               -0.023 -0.037       +012  93152  42    
105 10:53:18.7 +34:12:54 190.00  63.73    3.83   K0+III-IV          +0.087 -0.278    41 +016  94264  46    ( 1)
145 10:43: 1.8 +26:19:32 207.12  61.40    5.51   A4Vn               -0.105 -0.063       +010  92769  40    
145 10:43:25.0 +23:11:18 213.52  60.84    5.08   A3Vn               -0.116 +0.009    62 +019  92825  41    
