 20  6:17:54.8 +61:30:55 153.03  19.81  V 4.98   M3IIIab            -0.014 -0.006   166 +011  42973   1    
 21  6:37:41.4 +61:28:52 153.87  22.04 W  5.94   G8IV-V             -0.209 -0.274    37 -046  46480   8    
 41  6:19:37.4 +59: 0:39 155.59  19.12  V 4.48   A2V s              -0.008 +0.026    28 -004  43378   2    
 41  6:22: 3.6 +59:22:20 155.35  19.54    5.94   A3V                -0.001 +0.004 D 200 -024  43812   4    
 41  6:26:25.8 +56:17: 6 158.63  19.00  V 5.64   A3Vm               -0.026 +0.022    43 -010  44691        
 41  6:26:48.9 +58:25: 2 156.53  19.78    5.21   K4III              -0.005 -0.009   200 -003  44708   5    
 42  6:30:47.2 +58: 9:46 156.97  20.19 W  5.88   K0III-IV           -0.026 -0.335    39 +036  45410   6    
 42  6:37:38.5 +56:51:27 158.61  20.64    5.85   A2V                 0.000 +0.012       +000  46590  11    
 42  6:46:14.1 +59:26:30 156.31  22.48    4.87   A3V                -0.023 -0.002 D  90 -003  48250  12    
 42  6:46:49.5 +57:10: 9 158.69  21.93    5.35   K0III              +0.012 -0.038       +019  48432  13    
 42  6:53: 5.1 +59:26:55 156.54  23.32    5.33   G4III+A2V          -0.006 -0.039   200 +013  49618  14    
 42  6:57:16.5 +58:25:21 157.77  23.60    4.35   G5III-IV           -0.005 -0.135    71 +009  50522  15    
 42  7:13:23.4 +51:25:44 165.80  24.18  V 5.47   M3-III             +0.006 +0.014   333 -051  54895        
 42  7:15:54.9 +59:38:15 156.99  26.20    5.20   K2III              -0.101 -0.259    23 +024  55280  18    
 42  7:17:33.7 +52: 7:51 165.21  24.97    5.92  gK1                 -0.001 -0.025       -007  55866        
 42  7:22:52.1 +55:16:53 161.96  26.37    5.45   B8V                -0.003 -0.029    90 +005  57103  19    
 42  7:24:57.2 +51:53:14 165.74  26.03    5.80   K5III              +0.014 -0.035       +018  57646        
 43  7:36:47.0 +55:45:19 161.77  28.38    5.92   K2III              -0.015 -0.035       +001  60294        
 43  7:43: 0.4 +58:42:37 158.51  29.53    4.99   A3IVn              -0.037 -0.051    55 +009  61497  24    
 43  7:44: 4.2 +50:26: 2 167.94  28.72    5.27   A0IIIn             -0.005 -0.026    66 +000  61931        
 43  8: 1:20.7 +59: 2:51 158.24  31.91    5.77 d:F2                 +0.017 +0.032       -040  65301        
 43  8: 8:27.4 +51:30:24 167.19  32.65    4.84   A2V                -0.059 -0.004       +011  67006  27    
 43  8:10: 3.8 +58:14:53 159.17  33.04    5.93  gK4                 -0.023 -0.075       +034  67224        
 43  8:13:50.2 +56:27: 8 161.31  33.58    5.85   G9III              -0.022 -0.033       +007  68077        
 43  8:17:50.4 +59:34:16 157.54  33.99    5.64   A7IV               -0.006 +0.003       -015  68930  29    
 43  8:20:26.1 +57:44:36 159.73  34.43    5.89   F4V                +0.061 +0.014       -015  69548  30    
 43  8:23:48.5 +53:13:11 165.21  35.05    5.51   A3V                -0.026 -0.095    33 +021  70313        
 68  6:57:37.1 +45: 5:39 171.55  19.87    4.90   A2Vn               -0.021 -0.004   166 -008  50973  16    
 68  7:15:50.1 +47:14:24 170.34  23.52    5.58   G0V                +0.030 -0.183    27 +085  55575        
 68  7:18:31.9 +49:27:54 168.11  24.51    5.05   A4IIIn             -0.004 +0.014   124 -012  56169        
 68  7:21:17.5 +45:13:41 172.73  23.90    5.77   A7 s               -0.048 +0.004       +025  56963        
 68  7:26:42.8 +49:12:41 168.71  25.75    4.64   A1V                -0.013 -0.050    83 +027  58142  21    
 68  7:28:51.6 +48:11: 2 169.91  25.87    5.72   B9pHgMn            +0.007 -0.049       +021  58661        
 68  7:29:56.0 +49:40:21 168.33  26.35 W  5.36   F6V                +0.114 -0.080    23 -027  58855  22    
 69  7:36:31.6 +46:10:49 172.41  26.71    5.65   M0III              -0.028 -0.032       +029  60437        
 69  7:37:53.9 +48:46:25 169.61  27.45    5.92   A5m                -0.026 -0.032       +010  60652        
 69  7:41:12.4 +48: 7:54 170.43  27.88    5.56   K0III              -0.054 -0.128   111 +040  61363        
 69  7:54:42.7 +47:33:53 171.50  30.02    5.45  gK4                 -0.047 +0.002       +017  64144  26    
 70  8:22:50.1 +43:11:17 177.39  34.34    4.25   K4.5III-IIIb       -0.021 -0.096    43 +024  70272  31    ( 1)
 70  8:41: 1.1 +45:50: 2 174.42  37.76    5.37   G8IV               +0.025 +0.092    66 -037  73593  34    
 70  8:51:56.8 +43:43:36 177.19  39.64    5.15   K0III              -0.015 +0.048    55 +015  75506  35    
 70  8:52:11.6 +45:18:45 175.13  39.71    5.99   K0III              -0.026 -0.037       +012  75523        
 70  8:52:10.0 +42: 0: 9 179.43  39.62    5.99   K0III              -0.039 -0.071       +057  75556        
 70  8:56:50.0 +45:37:55 174.71  40.52    5.74   K1IV               -0.126 -0.034       +059  76291        
 70  8:56:30.5 +40:12: 6 181.84  40.33    5.89   F3III              -0.083 -0.033       +025  76292        
 70  9: 0:38.4 +41:46:58 179.80  41.19 W  3.97   F5V                -0.440 -0.246    14 +026  76943        
 71  9:13:48.2 +43:13: 4 177.86  43.61    5.32   B8IIIpMn           -0.028 -0.032       +021  79158  36    
 71  9:35: 3.8 +39:37:17 182.83  47.71    4.81   G9.5IIIFe-1        -0.030 +0.022       -012  82741        
 71  9:38:21.7 +40:14:23 181.86  48.31    5.25   F0V                -0.017 +0.006       -003  83287  42    
 71  9:42: 0.3 +39:45:28 182.53  49.03    5.62   G8III              -0.050 -0.045    55 +030  83805  43    
101  7:40:14.6 +38:20:40 181.06  25.49    5.73   M0III              -0.050 -0.009       +046  61294        
101  7:46:39.3 +37:31: 3 182.32  26.50    5.18   M2IIIb             +0.027 +0.014       -035  62647        
102  8:32:55.0 +38: 0:59 183.95  35.54    5.90   K2III              -0.103 -0.169    90 +015  72184        
102  8:34:43.8 +36:25:10 185.96  35.64    5.78   A2Vnn              -0.031 -0.044       +025  72524  33    
103  9: 6:31.8 +38:27: 8 184.33  42.15    4.56   G7Ib-II            -0.028 -0.014    47 +017  77912        
103  9: 8:51.1 +33:52:56 190.53  42.16    5.93   F9V                -0.187 -0.114       +027  78366        
103  9:15:14.3 +34:38: 1 189.73  43.56 W  5.97   G6III              -0.148 +0.053       +056  79452        
103  9:18:26.0 +35:21:51 188.81  44.28    5.75   A8V                -0.041 -0.024 D 200 +022  80024        
103  9:18:50.7 +36:48: 9 186.81  44.47    3.82   A3V                -0.030 -0.122    23 +004  80081  38    
103  9:21: 3.3 +34:23:33 190.24  44.73    3.13   K7IIIab            -0.221 +0.019    39 +038  80493  40Alp 
