274  7:33:47.9 -14:31:26 230.67   2.52  V 4.97   M2Iabpe+B2V        -0.012 +0.004       +022  60414        
274  7:36: 3.9 -14:29:34 230.91   3.02  V 5.70   B2Ve               -0.010 +0.003       +021  60855        
274  7:40:23.2 -15:15:49 232.09   3.55    4.94   K3II               -0.010 -0.022   200 +000  61772        
275  7:45:56.9 -14:33:50 232.14   5.07    5.04   F0V                -0.012 +0.006    32 -002  62952   4    
275  7:47:56.7 -12:11:35 230.32   6.66    5.48  dF5                 -0.111 +0.059 D  76 +027  63336   5    
275  7:51:46.3 -13:53:53 232.27   6.62    5.17   G0V:               -0.062 -0.340    16 -018  64096   9    
275  7:52:18.9 -14:50:47 233.16   6.26    5.69   F1Ia               -0.011 -0.002       +017  64238  10    
275  8: 9:28.5 -16:14:56 236.53   9.08    5.68   B2.5V              -0.017 -0.007       +033  67880        
275  8:10:39.8 -13:47:57 234.57  10.61 W  5.54   F6V                -0.251 +0.061    21 +038  68146  18    
275  8:11:16.3 -12:55:37 233.89  11.19    4.72   G9III-IIIb         -0.025 +0.012    32 +036  68290  19    
275  8:13:20.0 -15:47:18 236.63  10.11    4.99   G5II               -0.013 -0.004    33 +017  68752  20    
276  8:18:23.9 -12:37:55 234.55  12.83    5.98   G7.5V              +0.267 -0.979    12 +030  69830        
276  8:25:55.6 -14:55:47 237.56  13.13    5.98   A5m                -0.010 +0.040       +009  71267        
276  8:26:41.9 -12:32: 4 235.59  14.59    5.54   K2III              -0.091 -0.018       +061  71377        
319  7:27:42.9 -22:51:35 237.29 -02.74    5.95   B5V:               -0.005 -0.017       +026  59136        
319  7:29:51.4 -23: 1:28 237.67 -02.39 W  4.85   A5Ib               -0.004 -0.006       +037  59612        
319  7:33:19.5 -19:24:45 234.89   0.06    5.66   K3III              +0.022 -0.067       +016  60341        
319  7:33: 9.7 -24:42:39 239.51 -02.54    5.85   A7V:               -0.010 +0.013       +015  60345        
319  7:34: 3.2 -22:17:46 237.50 -01.19    4.45   F6IV               -0.040 +0.046    18 +061  60532        
319  7:34:18.6 -23:28:25 238.56 -01.71    5.83  dF4                 -0.095 +0.002    43 -005  60584        
319  7:34:19.1 -23:28:29 238.56 -01.71    5.87  dF6                 -0.111 -0.010    43 -006  60585        
319  7:34:34.9 -27: 0:43 241.69 -03.37    5.77   K1III              -0.039 +0.079       -006  60666        
319  7:36:41.0 -19:42: 8 235.53   0.61  V 5.74   B2III              -0.007 +0.005       +022  61068        
319  7:38:18.0 -25:21:53 240.65 -01.84  V 4.70   B8IV               -0.007 -0.007       +041  61429        ( 1)
319  7:38:49.3 -26:48: 6 241.96 -02.44    4.50   B6V                -0.017 +0.019 D 100 +024  61555        ( 2)
319  7:38:49.8 -26:48:13 241.97 -02.44    4.62   B5IVn              -0.029 +0.028 D 100 +033  61556        ( 3)
319  7:40:13.6 -19:39:39 235.90   1.36    5.93   K0                 +0.007 +0.011       -003  61774        
320  7:42:48.1 -26:21: 4 242.01 -01.44    5.64   K1III              -0.005 -0.027       -018  62412        
320  7:44:34.0 -24:40:26 240.75 -00.26  V 5.62   B1.5III            -0.030 +0.016       +015  62747        
320  7:47:12.5 -22:31:11 239.19   1.34  V 5.90   B2IV-V             -0.013 +0.007       +007  63271        
320  7:48: 5.2 -25:56:14 242.25 -00.21    4.50   B0V:pe:            -0.009 +0.006       +015  63462    Omi 
320  7:49: 1.7 -24:54:44 241.47   0.49    5.33   G0III              -0.030 +0.019    27 +002  63660        
320  7:49:41.2 -17:13:42 234.91   4.51    5.18   K3III              +0.052 -0.117       +044  63697   6    
320  7:49:17.7 -24:51:35 241.46   0.57    3.34   G6Iab-Ib           -0.003 -0.002   333 +003  63700   7Xi  ( 4)
320  7:51:42.9 -21:10:26 238.56   2.93    5.63   G8III              -0.062 +0.025       +032  64152        
320  7:56:51.5 -22:52:48 240.64   3.07    4.20   F7II               -0.026 +0.009    43 +014  65228  11    
320  7:59: 5.7 -23:18:38 241.28   3.29    5.11  cK2                 -0.012 +0.001       +011  65699  12    
320  7:59:52.0 -18:23:57 237.16   6.00    4.61   A2Vn               -0.002 -0.039    47 -012  65810        
320  8: 7:18.0 -20:33:17 239.93   6.36 W  5.38   A5II               -0.016 -0.006   999 +012  67456        
320  8: 7:32.6 -24:18:15 243.15   4.40 WV 2.81   F6IIpDel Del       -0.083 +0.049    28 +046  67523  15Rho ( 5)
320  8: 9: 1.6 -19:14:42 239.04   7.40    4.40   B5IV               -0.014 -0.002       +019  67797  16    
321  8:21:21.2 -20: 4:45 241.33   9.38    5.58   G2III+A3           -0.001 -0.013       -008  70442        
321  8:21:54.6 -17:35:11 239.29  10.87    5.75   K1III              -0.096 -0.014       +069  70523        
321  8:22:49.9 -26:20:53 246.77   6.16    5.90   F3Ib               -0.007 +0.008       +065  70761        
321  8:24:55.1 -23: 9:13 244.38   8.36    5.68   A2                 -0.041 +0.042       +026  71141        
321  8:25: 3.7 -24: 2:46 245.15   7.88    5.28   K5III+K1III        -0.028 +0.026    32 +026  71176        
361  7:27:59.2 -29: 9:21 242.88 -05.67  V 5.54   B9VpSi:            -0.006 +0.008       +004  59256        
361  7:30:42.5 -30:57:44 244.76 -06.00    4.65   G3Ib               -0.021  0.000    43 +014  59890        
361  7:35:22.8 -28:22:10 242.96 -03.87    4.64   B8V                -0.074 -0.019       +003  60863        
362  7:43:32.4 -28:24:40 243.88 -02.32    4.59   K3Ib               -0.014 +0.025    55 +033  62576   1    
362  7:43:48.5 -28:57:17 244.38 -02.54    3.96   A2Iabe             +0.002 +0.005       +025  62623   3    
362  7:57:40.1 -30:20: 5 247.10 -00.65    4.79   A2V                -0.006 +0.007    39 +028  65456        ( 6)
