 92  1:41:39.2 +30: 2:50 135.69 -31.58    5.99   K0III              -0.015 -0.006       +005  10348        
 92  1:42: 3.5 +35:14:44 134.46 -26.49    5.64   B9IV-V             +0.049 -0.028       -002  10390        
 92  1:48:41.6 +32:41:25 136.65 -28.66    5.79   F8V                -0.167 +0.298    26 -027  11007        
 92  1:53: 4.9 +29:34:44 138.64 -31.40 W  3.41   F6IV               +0.011 -0.235    17 -013  11443   2Alp ( 1)
 92  2: 2:58.0 +33:17: 2 139.71 -27.25    5.50   A2V                -0.016 -0.013   100 +003  12471   3Eps 
 92  2: 9:32.6 +34:59:14 140.55 -25.20    3.00   A5III              +0.150 -0.040    45 +010  13161   4Bet 
 92  2:12:22.3 +30:18:11 142.98 -29.40  V 4.94   G5III+F5V          -0.064 -0.063   249 -018  13480   6    
 92  2:15:56.2 +33:21:32 142.55 -26.27    5.28   A0V                -0.017 -0.038       -001  13869   7    
 92  2:17: 3.2 +34:13:27 142.43 -25.39    4.87   G0.5V              +1.154 -0.245    10 -006  13974   8Del 
 92  2:17:18.9 +33:50:50 142.65 -25.71    4.01   A1Vnn              +0.047 -0.051    25 +014  14055   9Gam 
 93  2:18:57.0 +28:38:33 145.22 -30.41    5.03   A2V                +0.011 -0.006       +003  14252  10    
 93  2:27:27.7 +31:48: 5 145.72 -26.79    5.54  gK1                 -0.027 -0.028       -039  15176  11    
 93  2:28:10.0 +29:40:10 146.86 -28.67    5.29   F0III              -0.015 -0.087       -025  15257  12    
 93  2:28:48.5 +29:55:55 146.89 -28.37    5.89   G0V                -0.069 +0.074       +040  15335  13    
 93  2:32: 6.2 +36: 8:50 144.74 -22.43    5.15   K5III              +0.046 +0.012       -036  15656  14    
 93  2:32:52.5 +34:32:33 145.62 -23.82    5.83   K0III              -0.066 -0.012       -002  15755        
 93  2:35:46.8 +34:41:15 146.14 -23.44 W  5.35   M3IIIa             +0.030 -0.049    62 -010  16058  15    
 93  2:37: 2.5 +34:15:50 146.59 -23.71  V 5.3    M4IIIe             +0.058 -0.029   124 +067  16210        
129  1:57:43.8 +27:48:16 140.40 -32.81    5.82   M2III              +0.026 -0.058       -003  11928        
