  8  9:15:52.6 +72:56:46 139.99  36.14    5.96   F0III              -0.085 -0.063    43 +000  78935        
  8  9:58:22.8 +72:52:46 137.93  38.80    5.83  gK3                 -0.076 -0.035       +004  85841        
 22  8:12:48.8 +68:28:27 147.01  32.53    5.32   G7+II               0.000 +0.008    47 -009  67447        ( 1)
 22  8:20:40.3 +72:24:26 142.29  32.46    5.98   M0III              +0.004 -0.025       +012  68951        
 22  8:19:17.3 +62:30:26 154.00  33.93  V 5.71   G8III              -0.013 +0.007       -002  69148        
 22  8:29:46.2 +67:17:51 148.07  34.30    5.88   G8III              -0.066 +0.010       -003  71088        
 22  8:34:36.2 +65: 8:42 150.52  35.21    5.47   A2m                -0.049 -0.063    58 -016  72037   2    
 22  8:39:11.7 +65: 1:15 150.55  35.70    5.64   G1.5Vb             -0.024 +0.088    13 -012  72905   3Pi 1( 2)
 22  8:40:12.8 +64:19:40 151.36  35.96    4.60   K1+IIIb            -0.060 +0.023    62 +015  73108   4Pi 2( 3)
 22  8:53:22.6 +61:57:44 153.83  37.93    5.73   F2III              -0.010 +0.020       -031  75486   5    
 22  8:56:37.5 +64:36:14 150.48  37.60    5.58   G7IIIFe-0.5        -0.026 -0.081       +003  75958   6    
 23  9: 2:32.7 +67:37:47 146.63  37.23    4.76   M3III-IIIbCa1      -0.021 +0.019    71 +005  76827   8Rho 
 23  9: 8:23.6 +66:52:24 147.27  38.03    5.14   K5III              -0.018 -0.038    90 +015  77800  11Sig1
 23  9:10:23.2 +67: 8: 5 146.87  38.11    4.80   F6IV               -0.020 -0.074    17 -002  78154  13Sig2
 23  9:10:55.1 +63:30:49 151.21  39.42    4.67   F3-4IIIm vs        +0.098 -0.056       -009  78362  14Tau 
 23  9:14:20.6 +61:25:24 153.62  40.47 W  5.13   F9V                -0.006 -0.030    21 -014  79028  16    
 23  9:31:31.7 +63: 3:43 150.64  41.74    3.67   F0IV               +0.109 +0.028    24 -010  81937  23    
 23  9:34:53.6 +72:12:20 139.93  37.74  V 5.72   F7V                +0.075 -0.077       -038  82189  22    
 23  9:34:28.9 +69:49:49 142.55  38.93  V 4.56   G4III-IV           -0.063 +0.077    23 -027  82210  24    
 23  9:39:27.9 +67:16:20 145.15  40.59    5.94   K5                 -0.026 -0.040       +019  83126        
 23  9:42:14.8 +69:14:15 142.76  39.82    5.69  gG9                 -0.067 -0.070       -009  83489        
 23  9:42:57.2 +72:15: 9 139.45  38.23    5.17   K0III              -0.026 -0.030       -017  83506  27    
 24 10:18: 2.0 +65: 6:30 144.61  45.02    5.82   A8III              -0.087 -0.009       -007  88983  32    
 24 10:21: 3.4 +68:44:51 140.50  42.89    5.96   A7Vn               -0.053 -0.038       +004  89343        
 24 10:24: 7.9 +65:33:59 143.54  45.22    4.97   A0pSiSr:Hg:        -0.008 -0.022    23 -000  89822        
 24 10:41:48.3 +68:26:36 138.94  44.44    5.75  gK3                 -0.026 -0.026       +005  92354        
 24 10:41:56.6 +65:42:59 141.57  46.45    5.12   K2III              -0.162 -0.069    38 -011  92424  38    
 24 10:43: 4.1 +69: 4:34 138.24  44.04    5.00   K3III-IIIb         +0.002 -0.012   200 -000  92523        
 24 10:53:30.7 +69:51:14 136.56  44.02 W  5.93   G9IV               -0.398 -0.067    34 +015  94132        
 24 11: 3:43.7 +61:45: 3 142.85  51.01    1.79   K0IIIa             -0.119 -0.067    26 -009  95689  50Alp ( 4)
 25 11:29: 4.6 +61:46:42 138.87  52.73    5.83   F5Va vw            -0.112 +0.237       -008  99747        
 25 11:32:20.8 +61: 4:57 138.90  53.52    5.48   F8V                +0.002 -0.069    22 -046 100203        
 26 12:47:18.9 +62:46:51 123.74  54.34    5.89   A9V                +0.016 -0.001       -011 111270        
 27 13:49:45.5 +61:29:21 111.06  54.27    5.96   G3V                +0.065 -0.099       -011 120787        
 44  8:30:15.9 +60:43: 5 155.97  35.43    3.36   G5III              -0.133 -0.107   111 +020  71369   1Omi ( 5)
 44  8:38:22.2 +53:24: 5 164.89  37.21    5.66   G8IV               -0.078 -0.017       -043  73017        
 44  8:39:17.6 +52:42:42 165.75  37.39    5.91  gK1                 -0.029 -0.028       +027  73171        
 44  9: 4: 0.4 +54:17: 2 163.20  40.86    5.75   A2V                -0.003 +0.004       -004  77309        
 44  9: 8:52.3 +51:36:17 166.57  42.02    4.48   F0IVm vs           -0.137 -0.030       -000  78209  15    
 44  9:15:49.9 +56:44:29 159.52  41.98    5.27   K5III              -0.016 -0.031       -030  79354  17    
 44  9:16:11.3 +54: 1:19 163.08  42.66  V 4.83   A5V                +0.049 +0.061    23 -019  79439  18    
 44  9:21:43.3 +56:41:57 159.29  42.77  V 5.47   M4IIIa             -0.010 -0.008       +021  80390        
 45  9:32:51.4 +51:40:38 165.45  45.66    3.17   F6IV               -0.954 -0.531    19 +015  82328  25The 
 45  9:34:49.5 +52: 3: 5 164.83  45.85    4.50   A2V                -0.065 -0.035    39 +023  82621  26    
 45  9:46:31.7 +57: 7:41 157.15  45.82  V 5.2    M3IIIab            +0.004 +0.034       +008  84335        
 45  9:50:59.4 +59: 2:19 154.31  45.58  V 3.80   F2IV               -0.293 -0.151    24 +027  84999  29Ups 
 45  9:52: 6.4 +54: 3:52 160.87  47.70    4.59   A3IV               -0.004 +0.021    31 -012  85235  30Phi 
 45  9:57:13.6 +57:25: 6 155.90  47.02    5.93   G5III              +0.032 -0.059   142 -044  85945        
 45  9:59:51.7 +56:48:43 156.48  47.60    5.48   K5III              -0.029 -0.026       -013  86378        
 45 10: 4:36.3 +53:53:30 160.03  49.46    5.74   F5V                -0.022 -0.002       -016  87141        
 46 10:30:37.6 +55:58:50 154.29  51.70    4.84   F8V                -0.176 -0.030    12 +009  90839  36    
 46 10:35: 9.7 +57: 4:58 152.26  51.57    5.16   F1V                +0.067 +0.039    27 -010  91480  37    
 46 10:39: 5.7 +53:40: 6 156.32  54.01    5.52   K3III              -0.087 -0.074       +045  92095        
 46 10:43:43.3 +57:11:57 150.95  52.42    5.80   A0V s              +0.017 -0.053       -015  92728  39    
 46 10:51:11.1 +56:34:56 150.63  53.59    5.67   K2III              -0.058 +0.003       +015  93859  43    
 46 10:51:23.7 +59:19:12 147.28  51.76    5.58   K2III              -0.036 -0.047       -017  93875  42    
 46 10:53:34.5 +54:35: 6 152.85  55.15    5.10   K3III              -0.064 -0.011    62 +001  94247  44    
 46 11: 1:50.5 +56:22:57 149.17  54.80    2.37   A1V                +0.082 +0.034    18 -012  95418  48Bet ( 6)
 46 11:25:57.1 +55:51: 2 145.26  57.42    5.75   K0III              -0.066 +0.048       -006  99283        
 47 11:35: 4.9 +54:47: 7 144.44  59.04    5.63   K0III              +0.008 +0.008       +018 100615        
 47 11:46:55.6 +55:37:42 140.77  59.21    5.27   K2.5IIIbCN1Ca1     +0.014 -0.030       +002 102328        
 47 11:53:49.8 +53:41:41 140.84  61.38    2.44   A0Ve               +0.095 +0.012    35 -013 103287  64Gam ( 7)
 47 11:55:58.4 +56:35:55 137.73  58.91    5.84   K1III              +0.010  0.000       +013 103605  66    
 47 12:15:25.6 +57: 1:57 132.57  59.42 W  3.31   A3V                +0.104 +0.009    16 -013 106591  69Del ( 8)
 47 12:17:29.5 +53:11:28 134.24  63.19    5.81   K6III              +0.034 -0.046       -041 106884        
 47 12:20:50.8 +57:51:50 130.79  58.79    5.55   K5III              +0.041 -0.073       -043 107465  70    
 47 12:25: 3.2 +56:46:39 130.16  59.98    5.81   M3IIIb             -0.014 -0.018       -017 108135  71    
 47 12:27:35.1 +55:42:46 129.89  61.09    5.70   M2IIIb             -0.021 -0.012       +017 108502  73    
 48 12:29:57.3 +58:24:21 128.32  58.50    5.35   A5Del Del          -0.062 +0.091    25 +007 108844  74    
 48 12:36:23.3 +59:29:13 126.49  57.54  V 5.5    M4IIIe             -0.025 -0.011       -091 109729        
 48 12:48:39.4 +60:19:12 123.56  56.81    5.85   F5V                +0.105 +0.001    24 -012 111456        
 48 12:54: 1.7 +55:57:35 122.18  61.16  V 1.77   A0pCr              +0.112 -0.006   111 -009 112185  77Eps ( 9)
 48 12:56:17.6 +54: 5:58 121.36  63.01    5.82   A5m                -0.077 +0.001 D  83 -005 112486        
 48 13: 0:43.8 +56:21:59 120.30  60.71    4.93   F2V                +0.114 -0.009    29 -010 113139  78    
 48 13:23:55.5 +54:55:31 113.11  61.58    2.27   A1VpSrSi           +0.122 -0.020    21 -006 116656  79Zet (10)
 48 13:23:56.4 +54:55:18 113.11  61.58    3.95   A1m                +0.119 -0.028    21 -009 116657  79Zet 
 48 13:25:13.5 +54:59:17 112.77  61.47    4.01   A5V                +0.118 -0.016    22 -009 116842  80    (11)
 49 13:28:27.1 +59:56:45 114.52  56.57 W  5.40   A1Vn               -0.080 +0.037    39 -003 117376        
 49 13:34: 7.3 +55:20:55 110.49  60.74    5.60   A0V                -0.022 -0.002    76 -007 118214  81    
 49 13:39:30.4 +52:55:17 107.04  62.70    5.46   A3Vn               -0.142 +0.060    90 -015 119024  82    
 49 13:40:44.3 +54:40:54 108.18  61.01    4.66   M2IIIabBa0.5       -0.022 -0.009    71 -017 119228  83    
 49 13:46:35.7 +54:25:58 106.38  60.89  V 5.70   B9pEuCr            -0.019 +0.001       -002 120198  84    
 49 13:53:51.0 +53:43:43 103.76  61.01    5.70   A0V                -0.030 -0.003    83 -016 121409  86    
 70  8:59:12.4 +48: 2:30 171.51  40.84    3.14   A7IV               -0.444 -0.226    13 +009  76644   9Iot (12)
 70  9: 3:37.5 +47: 9:24 172.63  41.63    3.60   A1Vn               -0.033 -0.054    62 +004  77327  12Kap 
 70  9: 5:24.1 +48:31:49 170.76  41.83    5.95   F6II-III           -0.012 -0.016       -006  77601        
 71  9:17:31.2 +46:49: 2 172.82  44.02    5.97   A1V                +0.017 +0.014       -012  79763        
 71  9:28:40.0 +45:36: 5 174.22  46.07 W  5.41   K0III-IV           -0.007 -0.128       +039  81688        
 71  9:48:35.4 +46: 1:16 172.78  49.43    5.09   G0.5Va             +0.224 -0.092    13 +005  84737        
 71  9:55:43.0 +49:49:12 166.65  49.63  V 5.27   A3III              -0.003 +0.022    39 -006  85795  31    
 72 10:17: 5.8 +42:54:52 175.87  55.09    3.45   A2IV               -0.164 -0.038    33 +018  89021  33Lam (13)
 72 10:22:10.5 +41:13:46 178.39  56.39    5.76   F7V                -0.124 -0.136    24 -007  89744        
 72 10:22:19.7 +41:29:58 177.90  56.36    3.05   M0III              -0.082 +0.035    28 -021  89758  34Mu  (14)
 72 10:33:13.9 +40:25:32 178.93  58.62    4.75   A7IV               -0.140 +0.006    32 +009  91312        
 72 10:43:32.9 +46:12:14 167.29  58.39 W  5.18   F5III              -0.269 -0.066    47 +004  92787        
 73 10:53:58.7 +43:11:24 171.16  61.35    4.71   A1V s              +0.045 -0.021    71 -017  94334  45Ome 
 73 10:59:28.0 +40:25:49 175.78  63.37    5.05   G1-VFe-0.5         -0.317 +0.057    13 +013  95128  47    
 73 11: 0:14.7 +45:31:34 165.76  61.27    5.47   K5III              +0.011 +0.003       +009  95212        
 73 11: 0:50.4 +39:12:44 178.15  64.04    5.08   F0V s              -0.072 -0.019       +003  95310  49    
 73 11: 9:39.8 +44:29:55 165.80  63.23    3.01   K1III              -0.065 -0.028       -004  96833  52Psi 
 73 11: 9:38.5 +43:12:27 168.30  63.89    5.89   M2III              -0.064 -0.011       +018  96834        
 73 11:16:41.9 +49:28:35 155.72  61.19    5.88  gK0                 -0.083 -0.009       +000  97989        
 73 11:22:49.6 +43:28:58 164.73  65.77    4.99   G7.5IIIa:Ba0.3     -0.038 -0.013       +003  98839  56    
 73 11:29: 4.2 +39:20:13 172.23  68.97    5.31   A2V                -0.050 +0.016    39 -011  99787  57    
 73 11:30:31.1 +43:10:24 163.28  67.08    5.94   F4V                -0.050 +0.083       -030  99984  58    
 74 11:38:20.6 +43:37:32 159.98  67.87    5.59   F2II-III           -0.145 -0.033       +002 101107  59    
 74 11:46: 3.0 +47:46:46 150.32  65.72    3.71   K0.5IIIb           -0.137 +0.030    52 -009 102224  63Chi (15)
 74 12: 2: 6.8 +43: 2:44 151.89  71.20 WV 5.21   F0Vam              -0.326 +0.070    52 +006 104513  67    
 76 13:47:32.4 +49:18:48 100.69  65.32    1.86   B3V                -0.122 -0.011    28 -011 120315  85Eta (16)
105 10:54:58.2 +34: 2: 5 190.31  64.10    5.72  gG7                 -0.060 -0.049       -028  94497        
105 10:55:44.4 +33:30:25 191.47  64.32    5.03   K1III              -0.109 -0.027       -022  94600  46    
106 11: 9:19.1 +36:18:34 183.56  66.52  V 5.74   M3.5IIIab          -0.046 -0.024       +022  96813        
106 11:18:10.9 +31:31:45 195.08  69.25    4.87   G0V                -0.432 -0.586     7 -016  98230  53Xi  
106 11:18:11.0 +31:31:45 195.08  69.25    4.41   G0V                -0.430 -0.586     7 -016  98231  53Xi  (17)
106 11:18:28.7 +33: 5:39 190.73  69.08    3.48   K3-IIIBa0.3        -0.026 +0.028    50 -009  98262  54Nu  (18)
106 11:19: 7.9 +38:11: 8 177.34  67.74    4.78   A1Vp:              -0.057 -0.068    39 -003  98353  55    
107 11:41: 3.0 +34:12: 6 183.53  73.32 W  5.33   G8V                -0.012 -0.381     8 -005 101501  61    
107 11:41:34.3 +31:44:46 191.85  74.13 W  5.73   F4V                -0.351 +0.032    38 +032 101606  62    
107 11:49:41.7 +34:55:54 178.56  74.67    5.70   F5IV               -0.115 +0.006       -007 102713        
107 11:59:17.6 +33:10: 3 181.58  77.23    5.96   K1III              +0.004 +0.003       -001 104075        
107 12: 1:39.5 +36: 2:31 169.73  76.17    5.59   K0III              -0.091 -0.081    35 +030 104438        
