  1  2:31:48.7 +89:15:51 123.28  26.46  V 2.02   F7:Ib-II           +0.038 -0.015   142 -017   8890   1Alp ( 1)
  2 17:32:12.9 +86:35:11 119.29  28.24    4.36   A1Vn               +0.009 +0.056   249 -008 166205  23Del ( 2)
  2 17:30:48.0 +86:58: 5 119.70  28.14    5.79   A2m                +0.059 +0.010       +001 166926  24    
 10 13:42:39.3 +78: 3:52 119.56  38.73    5.91  gG7                 -0.062 +0.049    29 -007 120084        
 10 14: 8:50.9 +77:32:51 117.67  38.78 S  4.82   K3III              -0.032 +0.034   100 +006 124547   4    
 10 14:27:31.5 +75:41:46 115.39  39.99    4.25   K4-IIIBa0.3        +0.009 +0.023    52 +010 127700   5    
 10 14:50:42.3 +74: 9:20 112.65  40.50 W  2.08   K4-III             -0.031 +0.012    25 +017 131873   7Bet ( 3)
 10 14:50:20.4 +82:30:43 118.49  33.56    5.64   F9V                +0.176 -0.222    62 -043 133002        
 11 15:31:24.9 +77:20:58 112.85  36.46    4.96   K5III              -0.049 +0.010    47 -025 139669  15The 
 11 15:44: 3.5 +77:47:40 112.68  35.66    4.32   A3Vn               +0.020 -0.001    62 -013 142105  16Zet 
 11 16: 3:31.3 +76:47:37 110.90  35.44    5.56   A3V                -0.021 +0.016       -016 145622        
 11 16:10:49.5 +75:52:39 109.67  35.61    5.48   B8V                -0.001 +0.013       -001 146926  19    
 11 16:14:33.5 +73:23:42 106.90  36.71    5.98   A3V                -0.005 +0.040       -015 147321        
 11 16:17:30.3 +75:45:19 109.27  35.33 W  4.95   F5V                -0.085 +0.252    23 -010 148048  21Eta 
 11 16:25:43.1 +78:57:50 112.31  33.28    5.56   F0V                -0.115 +0.108    35 -012 149681        
 11 16:43: 6.0 +77:30:51 110.29  33.19    5.98   F4V                +0.048 +0.212    33 +007 152303        
 11 16:45:58.1 +82: 2:14 115.00  31.05  V 4.23   G5III              +0.017 +0.006   100 -011 153751  22Eps 
 12 17:19:37.0 +80: 8:11 112.37  30.58    5.72   K5III              +0.016 +0.004       -007 158996        
 26 13:26: 8.1 +72:23:29 119.27  44.49 W  5.79   M1IIIab            +0.022 -0.009       -048 117187        
 26 13:37:11.0 +71:14:32 117.72  45.42    5.50  gK2                 -0.038 -0.006       +015 118904        
 27 14:12: 4.0 +69:25:57 112.88  46.09    5.24   M2IIIab            -0.027 -0.047    62 -023 124730        
 27 14:57:35.0 +65:55:57 104.87  46.53  V 4.60   M4.5III            -0.079 +0.032   100 +007 132813        
 28 15:14:38.3 +67:20:48 104.58  44.33    5.13   F9IV               +0.221 -0.390    21 -047 136064        
 28 15:17: 5.9 +71:49:26 108.72  41.04    5.02   K4III              +0.007 +0.011    66 -016 136726  11    ( 4)
 28 15:20:43.7 +71:50: 2 108.46  40.84  V 3.05   A3II-III           -0.019 +0.020   333 -004 137422  13Gam ( 5)
 28 15:37:39.1 +69:17: 0 104.68  41.46    5.62   K5IIIb             -0.047 +0.058       -029 140227        
