119 20:14:14.5 +28:41:41  67.66 -03.27  V 5.18   A7IVn              +0.014 -0.022   100 +007 192518  21    
120 20:51:28.2 +28:15: 2  72.13 -10.15  V 5.77   F5Ib               +0.003 -0.003   166 -001 198726        
120 20:54:33.6 +28: 3:27  72.41 -10.80  V 5.01   K4III               0.000 -0.002   333 +008 199169  32    
161 19: 6:38.4 +24:15: 3  56.30   7.67    5.77   A4III              +0.055 +0.015       -022 178187        
161 19:12:36.7 +21:33:16  54.50   5.23    5.93   A2Vn               +0.005 -0.002       -013 179648        
161 19:16:13.0 +21:23:25  54.74   4.41  V 4.77   B4IV                0.000 -0.009    58 -017 180554   1    
161 19:17:43.6 +23: 1:32  56.36   4.85  V 5.43   B0.5IV             +0.001 -0.005 D 142 +001 180968   2    
161 19:22:50.9 +26:15:45  59.78   5.32  V 5.18   B6III              -0.001 -0.010       -012 182255   3    
161 19:25:28.6 +19:47:55  54.35   1.75    5.16   K0III              +0.095 -0.063    38 -001 182762   4    
162 19:26:13.2 +20: 5:52  54.69   1.74    5.63   A0V                +0.003 -0.035       -021 182919   5    
162 19:26:28.7 +19:53:29  54.54   1.59    5.81   M0III              -0.001 -0.046       -034 182955        
162 19:28:42.3 +24:39:54  58.99   3.40 WV 4.44   M0III              -0.125 -0.106    71 -086 183439   6Alp ( 1)
162 19:28:57.0 +24:46: 7  59.11   3.40    5.81   K0III               0.000 +0.014   249 -027 183491   8    
162 19:31:21.8 +26:37: 2  60.99   3.81    5.87   K0III-IV           +0.032 +0.027       -001 184010        
162 19:34:34.9 +19:46:24  55.35 -00.14  V 5.00   B8IIIn             +0.008 +0.002       +005 184606   9    
162 19:43:42.9 +25:46:19  61.61   0.98    5.49   G8III              +0.012 +0.019    43 -009 186486  10    
162 19:47:48.6 +25:23: 2  61.74 -00.02    5.95   K0II-III           +0.082 -0.026       -018 187193        
162 19:51: 4.1 +22:36:36  59.72 -02.07  V 4.95   B2.5Ve             +0.028 -0.017       -031 187811  12    
162 19:52: 1.6 +24:59:32  61.88 -01.04  V 5.57   A1Ia               +0.003 -0.005   166 -003 187982        
162 19:53:27.7 +24: 4:47  61.27 -01.79 W  4.58   B9.5III            +0.027 +0.038   111 -028 188260  13    
162 19:54:31.1 +24:19:10  61.60 -01.87    5.52   A0III              +0.026  0.000    66 -008 188485        
163 19:59:10.5 +23: 6: 5  61.11 -03.41    5.67   F0                 -0.071 +0.006    52 -038 189410  14    
163 20: 1: 6.1 +27:45:13  65.30 -01.34  V 4.64   A4III              +0.059 +0.005    33 -021 189849  15    
163 20: 1:44.7 +24:48: 1  62.87 -03.02    5.88   B4V                +0.005 -0.003       -015 189944        
163 20: 2: 1.4 +24:56:17  63.02 -03.00    5.22   F2III              +0.088 +0.070 D 249 -037 190004  16    
163 20: 6:53.4 +23:36:52  62.48 -04.65    5.07   B3V                +0.015 +0.003       -005 190993  17    
163 20:10:33.5 +26:54:15  65.71 -03.57    5.52   A3III              +0.020 +0.013   499 -012 191747  18    
163 20:11:48.0 +26:48:32  65.78 -03.85    5.49   K3II-III           +0.007 -0.010       -023 192004  19    
163 20:12: 0.7 +26:28:44  65.53 -04.07  V 5.92   B7Ve               +0.008 -0.011       -022 192044  20    
163 20:15:15.9 +25:35:31  65.19 -05.17  V 4.78   B3Ve               +0.008 -0.006       -007 192685        
163 20:15:30.2 +23:30:31  63.47 -06.36  V 5.15   G3Ib-II             0.000 -0.015   249 -023 192713  22    
163 20:15:46.1 +27:48:51  67.11 -04.04 S  4.52   K3-IIIFe-1         -0.036 +0.008   124 +003 192806  23    
163 20:16:47.1 +24:40:16  64.61 -05.97    5.32   G8III              +0.016 -0.018       +015 192944  24    
163 20:22: 3.4 +24:26:46  65.09 -07.09    5.54   B8IIIne             0.000 -0.007       -013 193911  25    
163 20:25:40.5 +21:24:35  63.02 -09.48  V 5.66   G6III              +0.010 -0.011       -022 194577        
164 20:37: 4.7 +26:27:43  68.73 -08.70    5.59   B9V                +0.017 -0.012       -022 196504  27    
164 20:38:31.3 +21:12: 4  64.59 -12.05    4.82   A0V                +0.071 +0.005   499 -018 196724  29    
164 20:38:31.9 +24: 6:58  67.00 -10.35    5.04   B5IV               +0.010 -0.002       -022 196740  28    
164 20:38:35.1 +23:40:50  66.65 -10.61    5.91   K0II-III+A3V       +0.015 -0.007       +009 196753        
164 20:44:52.5 +25:16:14  68.82 -10.81    4.91   K2III              -0.028 -0.182   166 +031 197752  30    
164 20:52: 7.7 +27: 5:49  71.31 -10.98  V 4.59   G7IIIFe-1          -0.067 -0.065    27 +001 198809  31    
164 20:58:16.4 +22:19:33  68.36 -15.04    5.31   K3.5III            -0.003 -0.003       -028 199697  33    
165 21:23:58.8 +24:16:27  73.90 -18.27 W  5.71   F1IV               +0.136 +0.022    37 -018 203803        
165 21:24:34.0 +26:10:28  75.46 -17.08    5.68   A8III              +0.048 +0.002    76 -003 203925        
165 21:27:40.1 +27:36:31  77.04 -16.60    5.41   A1V                +0.041 +0.018    52 -008 204414  35    
